    0.0000038974              0.00000           0.00000           0.00000
    0.0000078437              0.00000           0.00000           0.00000
    0.0000118398              0.00000           0.00000           0.00000
    0.0000158860              0.00000           0.00000           0.00000
    0.0000199832              0.00000           0.00000           0.00000
    0.0000241319              0.00000           0.00000           0.00000
    0.0000283328              0.00000           0.00000           0.00000
    0.0000325866              0.00000           0.00000           0.00000
    0.0000368938              0.00001           0.00000           0.00001
    0.0000412553              0.00001           0.00000           0.00001
    0.0000456715              0.00001           0.00000           0.00001
    0.0000501434              0.00001           0.00000           0.00001
    0.0000546715              0.00001           0.00000           0.00001
    0.0000592565              0.00001           0.00000           0.00001
    0.0000638992              0.00002           0.00000           0.00002
    0.0000686003              0.00002           0.00000           0.00002
    0.0000733606              0.00002           0.00000           0.00002
    0.0000781807              0.00002           0.00000           0.00002
    0.0000830614              0.00003           0.00000           0.00003
    0.0000880036              0.00003           0.00000           0.00003
    0.0000930079              0.00003           0.00000           0.00003
    0.0000980751              0.00004           0.00000           0.00004
    0.0001032061              0.00004           0.00000           0.00004
    0.0001084017              0.00005           0.00000           0.00004
    0.0001136625              0.00005           0.00000           0.00005
    0.0001189896              0.00006           0.00000           0.00005
    0.0001243837              0.00006           0.00000           0.00006
    0.0001298456              0.00007           0.00000           0.00006
    0.0001353762              0.00007           0.00000           0.00007
    0.0001409764              0.00008           0.00000           0.00008
    0.0001466470              0.00009           0.00000           0.00008
    0.0001523889              0.00009           0.00000           0.00009
    0.0001582031              0.00010           0.00000           0.00010
    0.0001640904              0.00011           0.00000           0.00010
    0.0001700518              0.00012           0.00000           0.00011
    0.0001760881              0.00012           0.00000           0.00012
    0.0001822004              0.00013           0.00000           0.00013
    0.0001883896              0.00014           0.00000           0.00013
    0.0001946566              0.00015           0.00000           0.00014
    0.0002010024              0.00016           0.00000           0.00015
    0.0002074281              0.00017           0.00000           0.00016
    0.0002139345              0.00018           0.00000           0.00017
    0.0002205229              0.00019           0.00000           0.00018
    0.0002271941              0.00021           0.00000           0.00020
    0.0002339492              0.00022           0.00000           0.00021
    0.0002407892              0.00023           0.00000           0.00022
    0.0002477154              0.00025           0.00000           0.00023
    0.0002547286              0.00026           0.00000           0.00025
    0.0002618300              0.00027           0.00000           0.00026
    0.0002690208              0.00029           0.00000           0.00027
    0.0002763020              0.00031           0.00000           0.00029
    0.0002836749              0.00032           0.00000           0.00031
    0.0002911404              0.00034           0.00000           0.00032
    0.0002986999              0.00036           0.00000           0.00034
    0.0003063544              0.00038           0.00000           0.00036
    0.0003141052              0.00039           0.00000           0.00037
    0.0003219535              0.00041           0.00000           0.00039
    0.0003299006              0.00043           0.00000           0.00041
    0.0003379476              0.00046           0.00000           0.00043
    0.0003460958              0.00048           0.00000           0.00045
    0.0003543465              0.00050           0.00000           0.00048
    0.0003627010              0.00052           0.00000           0.00050
    0.0003711605              0.00055           0.00000           0.00052
    0.0003797265              0.00058           0.00000           0.00055
    0.0003884003              0.00060           0.00000           0.00057
    0.0003971831              0.00063           0.00000           0.00060
    0.0004060764              0.00066           0.00000           0.00062
    0.0004150816              0.00069           0.00000           0.00065
    0.0004242000              0.00072           0.00000           0.00068
    0.0004334331              0.00075           0.00000           0.00071
    0.0004427824              0.00078           0.00000           0.00074
    0.0004522493              0.00081           0.00000           0.00077
    0.0004618353              0.00085           0.00000           0.00080
    0.0004715418              0.00088           0.00000           0.00084
    0.0004813704              0.00092           0.00000           0.00087
    0.0004913227              0.00096           0.00000           0.00091
    0.0005014001              0.00100           0.00000           0.00095
    0.0005116043              0.00104           0.00000           0.00099
    0.0005219368              0.00108           0.00000           0.00103
    0.0005323994              0.00113           0.00000           0.00107
    0.0005429935              0.00117           0.00000           0.00111
    0.0005537208              0.00122           0.00000           0.00115
    0.0005645832              0.00127           0.00000           0.00120
    0.0005755821              0.00132           0.00000           0.00125
    0.0005867194              0.00137           0.00000           0.00130
    0.0005979968              0.00142           0.00000           0.00135
    0.0006094160              0.00147           0.00000           0.00140
    0.0006209789              0.00153           0.00000           0.00145
    0.0006326872              0.00159           0.00000           0.00150
    0.0006445428              0.00165           0.00000           0.00156
    0.0006565475              0.00171           0.00000           0.00162
    0.0006687032              0.00177           0.00000           0.00168
    0.0006810118              0.00184           0.00000           0.00174
    0.0006934752              0.00190           0.00000           0.00181
    0.0007060954              0.00197           0.00000           0.00187
    0.0007188744              0.00205           0.00000           0.00194
    0.0007318140              0.00212           0.00000           0.00201
    0.0007449165              0.00219           0.00000           0.00208
    0.0007581837              0.00227           0.00000           0.00215
    0.0007716179              0.00235           0.00000           0.00223
    0.0007852210              0.00244           0.00000           0.00231
    0.0007989952              0.00252           0.00000           0.00239
    0.0008129427              0.00261           0.00000           0.00247
    0.0008270656              0.00270           0.00000           0.00256
    0.0008413662              0.00279           0.00000           0.00265
    0.0008558466              0.00289           0.00000           0.00274
    0.0008705092              0.00299           0.00000           0.00283
    0.0008853562              0.00309           0.00000           0.00293
    0.0009003900              0.00320           0.00000           0.00303
    0.0009156129              0.00330           0.00000           0.00313
    0.0009310272              0.00342           0.00000           0.00324
    0.0009466354              0.00353           0.00000           0.00335
    0.0009624400              0.00365           0.00000           0.00346
    0.0009784434              0.00377           0.00000           0.00357
    0.0009946480              0.00389           0.00000           0.00369
    0.0010110565              0.00402           0.00000           0.00381
    0.0010276714              0.00415           0.00000           0.00394
    0.0010444953              0.00429           0.00000           0.00407
    0.0010615308              0.00443           0.00000           0.00420
    0.0010787805              0.00457           0.00000           0.00434
    0.0010962473              0.00472           0.00000           0.00448
    0.0011139337              0.00487           0.00000           0.00462
    0.0011318427              0.00503           0.00000           0.00477
    0.0011499768              0.00519           0.00000           0.00492
    0.0011683391              0.00535           0.00000           0.00508
    0.0011869324              0.00552           0.00000           0.00524
    0.0012057595              0.00570           0.00000           0.00540
    0.0012248235              0.00588           0.00000           0.00557
    0.0012441272              0.00606           0.00000           0.00575
    0.0012636738              0.00625           0.00000           0.00593
    0.0012834662              0.00645           0.00000           0.00611
    0.0013035076              0.00665           0.00000           0.00630
    0.0013238010              0.00685           0.00000           0.00650
    0.0013443497              0.00707           0.00000           0.00670
    0.0013651569              0.00728           0.00000           0.00690
    0.0013862259              0.00751           0.00000           0.00712
    0.0014075598              0.00774           0.00000           0.00733
    0.0014291621              0.00797           0.00000           0.00756
    0.0014510361              0.00822           0.00000           0.00779
    0.0014731852              0.00846           0.00000           0.00802
    0.0014956130              0.00872           0.00000           0.00827
    0.0015183228              0.00898           0.00000           0.00852
    0.0015413183              0.00925           0.00000           0.00877
    0.0015646031              0.00953           0.00000           0.00904
    0.0015881807              0.00982           0.00000           0.00931
    0.0016120549              0.01011           0.00000           0.00958
    0.0016362294              0.01041           0.00000           0.00987
    0.0016607080              0.01072           0.00000           0.01016
    0.0016854945              0.01104           0.00000           0.01046
    0.0017105928              0.01136           0.00000           0.01077
    0.0017360068              0.01170           0.00000           0.01109
    0.0017617404              0.01204           0.00000           0.01142
    0.0017877977              0.01240           0.00000           0.01175
    0.0018141828              0.01276           0.00000           0.01209
    0.0018408998              0.01313           0.00000           0.01245
    0.0018679528              0.01351           0.00000           0.01281
    0.0018953461              0.01390           0.00000           0.01318
    0.0019230840              0.01431           0.00000           0.01356
    0.0019511708              0.01472           0.00000           0.01396
    0.0019796108              0.01515           0.00000           0.01436
    0.0020084086              0.01558           0.00000           0.01477
    0.0020375687              0.01603           0.00000           0.01520
    0.0020670955              0.01649           0.00000           0.01563
    0.0020969937              0.01696           0.00000           0.01608
    0.0021272680              0.01744           0.00000           0.01654
    0.0021579231              0.01794           0.00000           0.01701
    0.0021889638              0.01845           0.00000           0.01749
    0.0022203949              0.01897           0.00000           0.01799
    0.0022522214              0.01951           0.00000           0.01850
    0.0022844482              0.02006           0.00000           0.01902
    0.0023170804              0.02063           0.00000           0.01955
    0.0023501230              0.02121           0.00000           0.02010
    0.0023835813              0.02180           0.00000           0.02067
    0.0024174604              0.02241           0.00000           0.02125
    0.0024517657              0.02304           0.00000           0.02184
    0.0024865025              0.02368           0.00000           0.02245
    0.0025216762              0.02434           0.00000           0.02308
    0.0025572923              0.02502           0.00000           0.02372
    0.0025933564              0.02571           0.00000           0.02438
    0.0026298742              0.02643           0.00000           0.02505
    0.0026668513              0.02716           0.00000           0.02575
    0.0027042935              0.02791           0.00000           0.02646
    0.0027422067              0.02868           0.00000           0.02719
    0.0027805968              0.02947           0.00000           0.02793
    0.0028194697              0.03027           0.00000           0.02870
    0.0028588317              0.03110           0.00000           0.02949
    0.0028986887              0.03196           0.00000           0.03029
    0.0029390471              0.03283           0.00000           0.03112
    0.0029799131              0.03372           0.00000           0.03197
    0.0030212931              0.03464           0.00000           0.03284
    0.0030631937              0.03559           0.00000           0.03373
    0.0031056213              0.03655           0.00000           0.03465
    0.0031485825              0.03754           0.00000           0.03559
    0.0031920842              0.03856           0.00000           0.03655
    0.0032361330              0.03960           0.00000           0.03754
    0.0032807359              0.04067           0.00000           0.03855
    0.0033258999              0.04176           0.00000           0.03959
    0.0033716319              0.04289           0.00000           0.04066
    0.0034179392              0.04404           0.00000           0.04175
    0.0034648289              0.04522           0.00000           0.04287
    0.0035123084              0.04643           0.00000           0.04401
    0.0035603852              0.04767           0.00000           0.04519
    0.0036090667              0.04894           0.00000           0.04639
    0.0036583605              0.05024           0.00000           0.04763
    0.0037082744              0.05158           0.00000           0.04890
    0.0037588161              0.05295           0.00000           0.05020
    0.0038099935              0.05435           0.00000           0.05153
    0.0038618147              0.05579           0.00000           0.05289
    0.0039142877              0.05727           0.00000           0.05429
    0.0039674208              0.05878           0.00000           0.05573
    0.0040212221              0.06033           0.00000           0.05720
    0.0040757002              0.06192           0.00000           0.05870
    0.0041308636              0.06355           0.00000           0.06025
    0.0041867208              0.06522           0.00000           0.06183
    0.0042432806              0.06693           0.00000           0.06345
    0.0043005519              0.06868           0.00000           0.06511
    0.0043585435              0.07048           0.00000           0.06681
    0.0044172646              0.07232           0.00000           0.06856
    0.0044767243              0.07420           0.00000           0.07034
    0.0045369320              0.07613           0.00000           0.07218
    0.0045978969              0.07811           0.00000           0.07405
    0.0046596287              0.08014           0.00000           0.07598
    0.0047221369              0.08222           0.00000           0.07795
    0.0047854315              0.08435           0.00000           0.07997
    0.0048495222              0.08653           0.00000           0.08203
    0.0049144190              0.08877           0.00000           0.08415
    0.0049801321              0.09106           0.00000           0.08632
    0.0050466718              0.09340           0.00000           0.08855
    0.0051140485              0.09580           0.00000           0.09082
    0.0051822727              0.09827           0.00000           0.09316
    0.0052513550              0.10079           0.00000           0.09555
    0.0053213063              0.10337           0.00000           0.09799
    0.0053921374              0.10601           0.00000           0.10050
    0.0054638595              0.10872           0.00000           0.10307
    0.0055364838              0.11150           0.00000           0.10570
    0.0056100215              0.11434           0.00000           0.10839
    0.0056844843              0.11725           0.00000           0.11115
    0.0057598836              0.12023           0.00000           0.11398
    0.0058362314              0.12328           0.00000           0.11687
    0.0059135395              0.12640           0.00000           0.11983
    0.0059918201              0.12960           0.00000           0.12287
    0.0060710852              0.13288           0.00000           0.12597
    0.0061513474              0.13624           0.00000           0.12915
    0.0062326192              0.13967           0.00000           0.13241
    0.0063149133              0.14319           0.00000           0.13574
    0.0063982425              0.14679           0.00000           0.13916
    0.0064826198              0.15047           0.00000           0.14265
    0.0065680585              0.15425           0.00000           0.14623
    0.0066545718              0.15811           0.00000           0.14989
    0.0067421734              0.16207           0.00000           0.15364
    0.0068308769              0.16612           0.00000           0.15748
    0.0069206961              0.17026           0.00000           0.16141
    0.0070116451              0.17450           0.00000           0.16543
    0.0071037381              0.17884           0.00000           0.16955
    0.0071969895              0.18329           0.00000           0.17376
    0.0072914138              0.18783           0.00000           0.17807
    0.0073870259              0.19249           0.00000           0.18248
    0.0074838406              0.19725           0.00000           0.18700
    0.0075818730              0.20213           0.00000           0.19162
    0.0076811386              0.20711           0.00000           0.19635
    0.0077816528              0.21222           0.00000           0.20119
    0.0078834313              0.21744           0.00000           0.20614
    0.0079864900              0.22278           0.00000           0.21121
    0.0080908451              0.22825           0.00000           0.21639
    0.0081965127              0.23384           0.00000           0.22169
    0.0083035095              0.23957           0.00000           0.22712
    0.0084118522              0.24542           0.00000           0.23267
    0.0085215576              0.25141           0.00000           0.23835
    0.0086326430              0.25754           0.00000           0.24416
    0.0087451256              0.26380           0.00000           0.25010
    0.0088590231              0.27022           0.00000           0.25617
    0.0089743533              0.27677           0.00000           0.26239
    0.0090911341              0.28348           0.00000           0.26875
    0.0092093838              0.29034           0.00001           0.27525
    0.0093291210              0.29735           0.00001           0.28190
    0.0094503642              0.30452           0.00001           0.28870
    0.0095731325              0.31186           0.00001           0.29565
    0.0096974451              0.31936           0.00001           0.30277
    0.0098233213              0.32703           0.00001           0.31004
    0.0099507808              0.33487           0.00001           0.31747
    0.0100798436              0.34289           0.00001           0.32507
    0.0102105298              0.35108           0.00001           0.33284
    0.0103428598              0.35946           0.00001           0.34079
    0.0104768543              0.36803           0.00001           0.34891
    0.0106125343              0.37678           0.00001           0.35721
    0.0107499209              0.38574           0.00001           0.36570
    0.0108890356              0.39488           0.00001           0.37437
    0.0110299001              0.40423           0.00001           0.38324
    0.0111725366              0.41379           0.00001           0.39230
    0.0113169671              0.42356           0.00001           0.40156
    0.0114632144              0.43354           0.00001           0.41102
    0.0116113013              0.44374           0.00001           0.42069
    0.0117612508              0.45416           0.00001           0.43057
    0.0119130865              0.46481           0.00001           0.44067
    0.0120668320              0.47569           0.00001           0.45099
    0.0122225114              0.48680           0.00001           0.46153
    0.0123801491              0.49816           0.00001           0.47229
    0.0125397695              0.50976           0.00001           0.48329
    0.0127013978              0.52161           0.00001           0.49453
    0.0128650590              0.53371           0.00001           0.50600
    0.0130307789              0.54607           0.00001           0.51772
    0.0131985833              0.55870           0.00001           0.52969
    0.0133684984              0.57159           0.00002           0.54192
    0.0135405508              0.58476           0.00002           0.55440
    0.0137147673              0.59820           0.00002           0.56715
    0.0138911752              0.61193           0.00002           0.58017
    0.0140698020              0.62595           0.00002           0.59346
    0.0142506757              0.64026           0.00002           0.60703
    0.0144338245              0.65487           0.00002           0.62088
    0.0146192770              0.66978           0.00002           0.63502
    0.0148070622              0.68501           0.00002           0.64946
    0.0149972095              0.70054           0.00002           0.66419
    0.0151897485              0.71640           0.00002           0.67923
    0.0153847094              0.73259           0.00002           0.69457
    0.0155821226              0.74910           0.00002           0.71024
    0.0157820189              0.76595           0.00003           0.72622
    0.0159844296              0.78315           0.00003           0.74252
    0.0161893864              0.80069           0.00003           0.75916
    0.0163969211              0.81859           0.00003           0.77613
    0.0166070664              0.83685           0.00003           0.79344
    0.0168198549              0.85547           0.00003           0.81111
    0.0170353200              0.87447           0.00003           0.82912
    0.0172534953              0.89384           0.00003           0.84749
    0.0174744149              0.91360           0.00004           0.86623
    0.0176981134              0.93375           0.00004           0.88534
    0.0179246256              0.95430           0.00004           0.90482
    0.0181539870              0.97524           0.00004           0.92468
    0.0183862334              0.99660           0.00004           0.94494
    0.0186214011              1.01837           0.00004           0.96558
    0.0188595268              1.04056           0.00005           0.98663
    0.0191006478              1.06318           0.00005           1.00808
    0.0193448018              1.08623           0.00005           1.02994
    0.0195920268              1.10972           0.00005           1.05222
    0.0198423615              1.13366           0.00005           1.07492
    0.0200958450              1.15805           0.00006           1.09806
    0.0203525170              1.18290           0.00006           1.12162
    0.0206124175              1.20822           0.00006           1.14563
    0.0208755872              1.23400           0.00006           1.17009
    0.0211420671              1.26027           0.00007           1.19500
    0.0214118989              1.28702           0.00007           1.22037
    0.0216851248              1.31425           0.00007           1.24621
    0.0219617874              1.34199           0.00008           1.27251
    0.0222419301              1.37023           0.00008           1.29930
    0.0225255965              1.39898           0.00008           1.32657
    0.0228128310              1.42824           0.00009           1.35433
    0.0231036784              1.45803           0.00009           1.38258
    0.0233981843              1.48835           0.00009           1.41134
    0.0236963946              1.51920           0.00010           1.44060
    0.0239983559              1.55059           0.00010           1.47038
    0.0243041154              1.58252           0.00011           1.50067
    0.0246137209              1.61501           0.00011           1.53149
    0.0249272207              1.64806           0.00012           1.56284
    0.0252446639              1.68167           0.00012           1.59473
    0.0255661001              1.71585           0.00013           1.62716
    0.0258915794              1.75061           0.00013           1.66013
    0.0262211527              1.78595           0.00014           1.69366
    0.0265548716              1.82187           0.00015           1.72774
    0.0268927881              1.85839           0.00015           1.76239
    0.0272349551              1.89550           0.00016           1.79760
    0.0275814260              1.93322           0.00017           1.83338
    0.0279322550              1.97154           0.00018           1.86975
    0.0282874969              2.01048           0.00018           1.90669
    0.0286472071              2.05003           0.00019           1.94422
    0.0290114420              2.09020           0.00020           1.98234
    0.0293802584              2.13099           0.00021           2.02105
    0.0297537139              2.17242           0.00022           2.06036
    0.0301318669              2.21448           0.00023           2.10027
    0.0305147765              2.25717           0.00024           2.14079
    0.0309025025              2.30051           0.00025           2.18192
    0.0312951055              2.34449           0.00026           2.22365
    0.0316926468              2.38911           0.00027           2.26601
    0.0320951886              2.43439           0.00029           2.30898
    0.0325027937              2.48031           0.00030           2.35257
    0.0329155259              2.52689           0.00031           2.39678
    0.0333334496              2.57413           0.00033           2.44162
    0.0337566301              2.62202           0.00034           2.48708
    0.0341851336              2.67057           0.00036           2.53316
    0.0346190270              2.71978           0.00037           2.57988
    0.0350583781              2.76965           0.00039           2.62722
    0.0355032556              2.82018           0.00041           2.67519
    0.0359537289              2.87137           0.00043           2.72379
    0.0364098685              2.92322           0.00045           2.77302
    0.0368717456              2.97572           0.00047           2.82288
    0.0373394325              3.02889           0.00049           2.87336
    0.0378130021              3.08271           0.00051           2.92447
    0.0382925284              3.13718           0.00053           2.97619
    0.0387780865              3.19230           0.00056           3.02854
    0.0392697522              3.24807           0.00058           3.08151
    0.0397676022              3.30448           0.00061           3.13509
    0.0402717144              3.36154           0.00064           3.18928
    0.0407821676              3.41923           0.00067           3.24408
    0.0412990414              3.47754           0.00070           3.29948
    0.0418224168              3.53648           0.00073           3.35547
    0.0423523754              3.59604           0.00076           3.41205
    0.0428890001              3.65621           0.00080           3.46922
    0.0434323746              3.71699           0.00083           3.52697
    0.0439825840              3.77835           0.00087           3.58528
    0.0445397142              3.84031           0.00091           3.64415
    0.0451038521              3.90284           0.00095           3.70358
    0.0456750861              3.96594           0.00100           3.76355
    0.0462535053              4.02959           0.00104           3.82406
    0.0468392002              4.09379           0.00109           3.88508
    0.0474322621              4.15852           0.00114           3.94662
    0.0480327839              4.22378           0.00119           4.00866
    0.0486408593              4.28953           0.00124           4.07118
    0.0492565834              4.35579           0.00130           4.13418
    0.0498800523              4.42251           0.00136           4.19764
    0.0505113634              4.48970           0.00142           4.26154
    0.0511506155              4.55734           0.00148           4.32587
    0.0517979084              4.62540           0.00155           4.39061
    0.0524533433              4.69387           0.00162           4.45575
    0.0531170225              4.76273           0.00169           4.52127
    0.0537890497              4.83196           0.00177           4.58715
    0.0544695300              4.90153           0.00185           4.65336
    0.0551585697              4.97144           0.00193           4.71990
    0.0558562765              5.04165           0.00202           4.78673
    0.0565627593              5.11214           0.00211           4.85384
    0.0572781286              5.18289           0.00220           4.92120
    0.0580024961              5.25387           0.00230           4.98880
    0.0587359751              5.32506           0.00241           5.05660
    0.0594786800              5.39643           0.00251           5.12457
    0.0602307271              5.46795           0.00262           5.19271
    0.0609922337              5.53958           0.00274           5.26097
    0.0617633190              5.61132           0.00286           5.32932
    0.0625441032              5.68311           0.00299           5.39775
    0.0633347086              5.75493           0.00312           5.46622
    0.0641352585              5.82675           0.00326           5.53470
    0.0649458781              5.89853           0.00341           5.60315
    0.0657666940              5.97025           0.00356           5.67155
    0.0665978345              6.04185           0.00371           5.73987
    0.0674394295              6.11332           0.00388           5.80806
    0.0682916105              6.18460           0.00405           5.87609
    0.0691545106              6.25567           0.00423           5.94393
    0.0700282646              6.32648           0.00441           6.01155
    0.0709130091              6.39699           0.00460           6.07889
    0.0718088823              6.46717           0.00481           6.14593
    0.0727160242              6.53697           0.00502           6.21263
    0.0736345765              6.60634           0.00523           6.27893
    0.0745646828              6.67525           0.00546           6.34482
    0.0755064884              6.74365           0.00570           6.41023
    0.0764601405              6.81150           0.00595           6.47514
    0.0774257880              6.87875           0.00620           6.53949
    0.0784035819              6.94535           0.00647           6.60325
    0.0793936749              7.01126           0.00675           6.66637
    0.0803962218              7.07643           0.00704           6.72879
    0.0814113791              7.14082           0.00734           6.79049
    0.0824393056              7.20436           0.00766           6.85141
    0.0834801617              7.26701           0.00799           6.91150
    0.0845341103              7.32873           0.00833           6.97072
    0.0856013158              7.38947           0.00868           7.02902
    0.0866819452              7.44916           0.00905           7.08635
    0.0877761672              7.50776           0.00944           7.14266
    0.0888841528              7.56522           0.00984           7.19790
    0.0900060752              7.62149           0.01025           7.25202
    0.0911421096              7.67651           0.01069           7.30498
    0.0922924336              7.73023           0.01114           7.35672
    0.0934572268              7.78260           0.01161           7.40719
    0.0946366714              7.83357           0.01209           7.45635
    0.0958309515              7.88308           0.01260           7.50413
    0.0970402539              7.93108           0.01312           7.55050
    0.0982647674              7.97752           0.01367           7.59540
    0.0995046833              8.02234           0.01424           7.63878
    0.1007601955              8.06550           0.01483           7.68059
    0.1020315001              8.10694           0.01544           7.72078
    0.1033187958              8.14662           0.01607           7.75930
    0.1046222836              8.18447           0.01674           7.79610
    0.1059421673              8.22046           0.01742           7.83113
    0.1072786530              8.25452           0.01813           7.86435
    0.1086319497              8.28662           0.01887           7.89571
    0.1100022688              8.31670           0.01964           7.92516
    0.1113898244              8.34472           0.02044           7.95264
    0.1127948332              8.37062           0.02126           7.97813
    0.1142175149              8.39438           0.02212           8.00157
    0.1156580918              8.41593           0.02301           8.02292
    0.1171167888              8.43525           0.02393           8.04214
    0.1185938340              8.45228           0.02489           8.05919
    0.1200894582              8.46700           0.02588           8.07402
    0.1216038950              8.47935           0.02691           8.08659
    0.1231373810              8.48930           0.02798           8.09688
    0.1246901560              8.49683           0.02908           8.10484
    0.1262624624              8.50189           0.03022           8.11045
    0.1278545460              8.50446           0.03141           8.11365
    0.1294666556              8.50450           0.03264           8.11444
    0.1310990430              8.50199           0.03391           8.11277
    0.1327519633              8.49691           0.03523           8.10862
    0.1344256748              8.48923           0.03659           8.10196
    0.1361204390              8.47893           0.03800           8.09278
    0.1378365207              8.46600           0.03946           8.08104
    0.1395741881              8.45042           0.04097           8.06674
    0.1413337126              8.43217           0.04254           8.04985
    0.1431153692              8.41126           0.04415           8.03036
    0.1449194363              8.38766           0.04582           8.00826
    0.1467461958              8.36139           0.04755           7.98354
    0.1485959331              8.33244           0.04934           7.95619
    0.1504689372              8.30080           0.05119           7.92621
    0.1523655007              8.26649           0.05310           7.89360
    0.1542859202              8.22952           0.05507           7.85836
    0.1562304955              8.18990           0.05711           7.82049
    0.1581995306              8.14764           0.05921           7.78000
    0.1601933331              8.10276           0.06138           7.73690
    0.1622122145              8.05528           0.06362           7.69120
    0.1642564903              8.00524           0.06594           7.64293
    0.1663264800              7.95265           0.06832           7.59209
    0.1684225069              7.89756           0.07079           7.53871
    0.1705448986              7.83999           0.07333           7.48281
    0.1726939867              7.77999           0.07595           7.42443
    0.1748701070              7.71761           0.07865           7.36359
    0.1770735996              7.65288           0.08143           7.30033
    0.1793048086              7.58586           0.08430           7.23468
    0.1815640828              7.51661           0.08725           7.16670
    0.1838517752              7.44518           0.09030           7.09641
    0.1861682432              7.37163           0.09343           7.02386
    0.1885138488              7.29603           0.09666           6.94912
    0.1908889584              7.21845           0.09998           6.87222
    0.1932939433              7.13896           0.10340           6.79322
    0.1957291792              7.05763           0.10691           6.71218
    0.1981950465              6.97455           0.11053           6.62917
    0.2006919307              6.88978           0.11424           6.54424
    0.2032202217              6.80343           0.11806           6.45747
    0.2057803148              6.71558           0.12199           6.36891
    0.2083726099              6.62631           0.12602           6.27865
    0.2109975120              6.53573           0.13017           6.18675
    0.2136554314              6.44393           0.13442           6.09330
    0.2163467832              6.35100           0.13879           5.99837
    0.2190719881              6.25705           0.14327           5.90204
    0.2218314718              6.16219           0.14787           5.80440
    0.2246256656              6.06651           0.15259           5.70552
    0.2274550060              5.97013           0.15743           5.60550
    0.2303199352              5.87316           0.16239           5.50442
    0.2332209007              5.77571           0.16747           5.40237
    0.2361583558              5.67789           0.17267           5.29945
    0.2391327596              5.57981           0.17801           5.19573
    0.2421445768              5.48160           0.18347           5.09133
    0.2451942780              5.38336           0.18905           4.98632
    0.2482823397              5.28521           0.19477           4.88080
    0.2514092444              5.18728           0.20062           4.77488
    0.2545754808              5.08968           0.20660           4.66863
    0.2577815435              4.99252           0.21271           4.56216
    0.2610279335              4.89592           0.21896           4.45556
    0.2643151581              4.80001           0.22534           4.34893
    0.2676437308              4.70490           0.23186           4.24236
    0.2710141719              4.61069           0.23851           4.13594
    0.2744270079              4.51752           0.24530           4.02977
    0.2778827720              4.42548           0.25222           3.92393
    0.2813820044              4.33470           0.25928           3.81853
    0.2849252516              4.24527           0.26648           3.71364
    0.2885130675              4.15732           0.27382           3.60936
    0.2921460125              4.07093           0.28129           3.50577
    0.2958246543              3.98623           0.28889           3.40297
    0.2995495677              3.90330           0.29664           3.30102
    0.3033213348              3.82224           0.30452           3.20001
    0.3071405449              3.74315           0.31253           3.10002
    0.3110077947              3.66611           0.32067           3.00112
    0.3149236885              3.59122           0.32895           2.90340
    0.3188888382              3.51856           0.33736           2.80691
    0.3229038634              3.44821           0.34589           2.71173
    0.3269693913              3.38023           0.35456           2.61793
    0.3310860574              3.31471           0.36335           2.52556
    0.3352545046              3.25170           0.37226           2.43468
    0.3394753845              3.19128           0.38129           2.34535
    0.3437493566              3.13349           0.39044           2.25763
    0.3480770885              3.07840           0.39971           2.17156
    0.3524592567              3.02603           0.40909           2.08718
    0.3568965457              2.97645           0.41858           2.00455
    0.3613896490              2.92968           0.42818           1.92369
    0.3659392685              2.88576           0.43788           1.84465
    0.3705461153              2.84471           0.44769           1.76746
    0.3752109090              2.80656           0.45759           1.69214
    0.3799343786              2.77132           0.46758           1.61872
    0.3847172621              2.73899           0.47766           1.54722
    0.3895603069              2.70959           0.48783           1.47766
    0.3944642697              2.68311           0.49807           1.41004
    0.3994299167              2.65955           0.50840           1.34439
    0.4044580240              2.63888           0.51879           1.28070
    0.4095493770              2.62110           0.52925           1.21897
    0.4147047713              2.60618           0.53977           1.15922
    0.4199250125              2.59409           0.55034           1.10142
    0.4252109163              2.58479           0.56097           1.04558
    0.4305633086              2.57825           0.57164           0.99167
    0.4359830257              2.57440           0.58234           0.93970
    0.4414709144              2.57321           0.59308           0.88963
    0.4470278322              2.57461           0.60384           0.84145
    0.4526546475              2.57854           0.61462           0.79513
    0.4583522394              2.58493           0.62540           0.75065
    0.4641214982              2.59370           0.63618           0.70798
    0.4699633254              2.60478           0.64696           0.66708
    0.4758786336              2.61809           0.65771           0.62793
    0.4818683473              2.63353           0.66844           0.59049
    0.4879334023              2.65101           0.67913           0.55473
    0.4940747463              2.67043           0.68978           0.52060
    0.5002933390              2.69170           0.70037           0.48807
    0.5065901518              2.71472           0.71090           0.45709
    0.5129661689              2.73937           0.72134           0.42762
    0.5194223863              2.76555           0.73170           0.39963
    0.5259598130              2.79314           0.74196           0.37306
    0.5325794704              2.82204           0.75211           0.34788
    0.5392823928              2.85212           0.76214           0.32404
    0.5460696276              2.88327           0.77204           0.30149
    0.5529422353              2.91538           0.78179           0.28020
    0.5599012898              2.94831           0.79139           0.26010
    0.5669478784              2.98196           0.80082           0.24117
    0.5740831021              3.01619           0.81008           0.22335
    0.5813080760              3.05089           0.81914           0.20660
    0.5886239288              3.08594           0.82801           0.19088
    0.5960318037              3.12121           0.83667           0.17614
    0.6035328582              3.15659           0.84510           0.16233
    0.6111282644              3.19195           0.85331           0.14942
    0.6188192090              3.22718           0.86126           0.13736
    0.6266068938              3.26215           0.86897           0.12612
    0.6344925356              3.29675           0.87640           0.11564
    0.6424773666              3.33087           0.88356           0.10589
    0.6505626344              3.36439           0.89044           0.09684
    0.6587496023              3.39721           0.89702           0.08844
    0.6670395496              3.42922           0.90329           0.08066
    0.6754337716              3.46030           0.90925           0.07347
    0.6839335799              3.49037           0.91488           0.06682
    0.6925403027              3.51932           0.92018           0.06069
    0.7012552847              3.54706           0.92514           0.05504
    0.7100798877              3.57350           0.92974           0.04984
    0.7190154905              3.59854           0.93399           0.04507
    0.7280634893              3.62212           0.93788           0.04070
    0.7372252980              3.64414           0.94139           0.03670
    0.7465023481              3.66453           0.94452           0.03304
    0.7558960890              3.68322           0.94727           0.02969
    0.7654079887              3.70015           0.94962           0.02665
    0.7750395334              3.71525           0.95158           0.02388
    0.7847922279              3.72848           0.95315           0.02136
    0.7946675963              3.73977           0.95430           0.01908
    0.8046671815              3.74908           0.95505           0.01702
    0.8147925460              3.75638           0.95539           0.01515
    0.8250452719              3.76162           0.95532           0.01347
    0.8354269613              3.76477           0.95483           0.01195
    0.8459392362              3.76581           0.95392           0.01059
    0.8565837392              3.76472           0.95260           0.00936
    0.8673621336              3.76148           0.95086           0.00826
    0.8782761036              3.75608           0.94871           0.00728
    0.8893273543              3.74852           0.94614           0.00640
    0.9005176127              3.73879           0.94315           0.00562
    0.9118486272              3.72690           0.93976           0.00493
    0.9233221683              3.71286           0.93596           0.00431
    0.9349400289              3.69669           0.93175           0.00377
    0.9467040241              3.67839           0.92714           0.00328
    0.9586159921              3.65800           0.92214           0.00285
    0.9706777943              3.63555           0.91674           0.00248
    0.9828913152              3.61106           0.91096           0.00215
    0.9952584634              3.58457           0.90480           0.00186
    1.0077811711              3.55612           0.89827           0.00160
    1.0204613950              3.52576           0.89138           0.00138
    1.0333011166              3.49353           0.88412           0.00119
    1.0463023420              3.45949           0.87652           0.00102
    1.0594671027              3.42369           0.86857           0.00087
    1.0727974556              3.38618           0.86030           0.00074
    1.0862954838              3.34702           0.85170           0.00063
    1.0999632963              3.30629           0.84279           0.00054
    1.1138030286              3.26405           0.83357           0.00046
    1.1278168434              3.22035           0.82407           0.00039
    1.1420069303              3.17528           0.81428           0.00033
    1.1563755065              3.12890           0.80423           0.00028
    1.1709248171              3.08129           0.79392           0.00023
    1.1856571355              3.03252           0.78336           0.00019
    1.2005747637              2.98267           0.77257           0.00016
    1.2156800325              2.93182           0.76156           0.00014
    1.2309753023              2.88004           0.75033           0.00011
    1.2464629628              2.82741           0.73891           0.00009
    1.2621454342              2.77400           0.72731           0.00008
    1.2780251667              2.71991           0.71554           0.00006
    1.2941046417              2.66520           0.70360           0.00005
    1.3103863716              2.60995           0.69153           0.00004
    1.3268729004              2.55425           0.67932           0.00004
    1.3435668042              2.49816           0.66699           0.00003
    1.3604706915              2.44177           0.65455           0.00002
    1.3775872036              2.38515           0.64203           0.00002
    1.3949190148              2.32838           0.62942           0.00002
    1.4124688334              2.27152           0.61674           0.00001
    1.4302394015              2.21466           0.60401           0.00001
    1.4482334959              2.15785           0.59124           0.00001
    1.4664539281              2.10116           0.57844           0.00001
    1.4849035451              2.04467           0.56562           0.00001
    1.5035852298              1.98844           0.55280           0.00000
    1.5225019011              1.93253           0.53999           0.00000
    1.5416565148              1.87699           0.52719           0.00000
    1.5610520639              1.82189           0.51443           0.00000
    1.5806915790              1.76728           0.50170           0.00000
    1.6005781288              1.71322           0.48903           0.00000
    1.6207148206              1.65974           0.47643           0.00000
    1.6411048008              1.60692           0.46389           0.00000
    1.6617512554              1.55477           0.45145           0.00000
    1.6826574104              1.50336           0.43909           0.00000
    1.7038265324              1.45272           0.42684           0.00000
    1.7252619292              1.40288           0.41470           0.00000
    1.7469669502              1.35389           0.40269           0.00000
    1.7689449866              1.30576           0.39080           0.00000
    1.7911994728              1.25854           0.37905           0.00000
    1.8137338859              1.21225           0.36745           0.00000
    1.8365517471              1.16691           0.35600           0.00000
    1.8596566216              1.12254           0.34471           0.00000
    1.8830521196              1.07917           0.33359           0.00000
    1.9067418968              1.03680           0.32264           0.00000
    1.9307296547              0.99546           0.31186           0.00000
    1.9550191415              0.95514           0.30127           0.00000
    1.9796141524              0.91587           0.29087           0.00000
    2.0045185304              0.87765           0.28066           0.00000
    2.0297361670              0.84048           0.27065           0.00000
    2.0552710024              0.80437           0.26084           0.00000
    2.0811270264              0.76931           0.25124           0.00000
    2.1073082792              0.73531           0.24184           0.00000
    2.1338188517              0.70235           0.23265           0.00000
    2.1606628860              0.67044           0.22367           0.00000
    2.1878445768              0.63956           0.21491           0.00000
    2.2153681712              0.60972           0.20636           0.00000
    2.2432379697              0.58089           0.19803           0.00000
    2.2714583272              0.55306           0.18991           0.00000
    2.3000336530              0.52623           0.18201           0.00000
    2.3289684122              0.50037           0.17433           0.00000
    2.3582671259              0.47548           0.16686           0.00000
    2.3879343720              0.45153           0.15961           0.00000
    2.4179747861              0.42851           0.15257           0.00000
    2.4483930622              0.40640           0.14575           0.00000
    2.4791939530              0.38517           0.13914           0.00000
    2.5103822714              0.36482           0.13274           0.00000
    2.5419628905              0.34532           0.12655           0.00000
    2.5739407449              0.32664           0.12057           0.00000
    2.6063208312              0.30877           0.11479           0.00000
    2.6391082088              0.29168           0.10921           0.00000
    2.6723080009              0.27536           0.10382           0.00000
    2.7059253949              0.25978           0.09864           0.00000
    2.7399656437              0.24491           0.09364           0.00000
    2.7744340662              0.23074           0.08883           0.00000
    2.8093360480              0.21724           0.08421           0.00000
    2.8446770427              0.20439           0.07977           0.00000
    2.8804625724              0.19217           0.07551           0.00000
    2.9166982286              0.18055           0.07141           0.00000
    2.9533896733              0.16952           0.06749           0.00000
    2.9905426395              0.15905           0.06374           0.00000
    3.0281629326              0.14912           0.06014           0.00000
    3.0662564306              0.13971           0.05671           0.00000
    3.1048290859              0.13080           0.05342           0.00000
    3.1438869255              0.12237           0.05029           0.00000
    3.1834360522              0.11440           0.04730           0.00000
    3.2234826456              0.10686           0.04445           0.00000
    3.2640329632              0.09975           0.04173           0.00000
    3.3050933410              0.09304           0.03915           0.00000
    3.3466701948              0.08671           0.03669           0.00000
    3.3887700211              0.08075           0.03436           0.00000
    3.4313993979              0.07514           0.03215           0.00000
    3.4745649863              0.06986           0.03005           0.00000
    3.5182735310              0.06490           0.02806           0.00000
    3.5625318614              0.06025           0.02618           0.00000
    3.6073468932              0.05588           0.02440           0.00000
    3.6527256286              0.05178           0.02272           0.00000
    3.6986751583              0.04794           0.02114           0.00000
    3.7452026619              0.04434           0.01964           0.00000
    3.7923154095              0.04098           0.01823           0.00000
    3.8400207624              0.03784           0.01691           0.00000
    3.8883261748              0.03491           0.01567           0.00000
    3.9372391946              0.03217           0.01450           0.00000
    3.9867674643              0.02962           0.01340           0.00000
    4.0369187231              0.02725           0.01238           0.00000
    4.0877008069              0.02504           0.01142           0.00000
    4.1391216508              0.02299           0.01052           0.00000
    4.1911892893              0.02108           0.00968           0.00000
    4.2439118580              0.01931           0.00890           0.00000
    4.2972975950              0.01768           0.00817           0.00000
    4.3513548419              0.01616           0.00749           0.00000
    4.4060920453              0.01476           0.00686           0.00000
    4.4615177579              0.01346           0.00628           0.00000
    4.5176406402              0.01227           0.00574           0.00000
    4.5744694614              0.01116           0.00524           0.00000
    4.6320131012              0.01015           0.00477           0.00000
    4.6902805509              0.00922           0.00434           0.00000
    4.7492809149              0.00836           0.00395           0.00000
    4.8090234121              0.00757           0.00359           0.00000
    4.8695173774              0.00685           0.00325           0.00000
    4.9307722631              0.00619           0.00294           0.00000
    4.9927976405              0.00559           0.00266           0.00000
    5.0556032010              0.00504           0.00240           0.00000
    5.1191987582              0.00453           0.00217           0.00000
    5.1835942491              0.00408           0.00195           0.00000
    5.2487997355              0.00366           0.00176           0.00000
    5.3148254060              0.00328           0.00158           0.00000
    5.3816815772              0.00294           0.00141           0.00000
    5.4493786954              0.00263           0.00127           0.00000
    5.5179273386              0.00235           0.00113           0.00000
    5.5873382176              0.00209           0.00101           0.00000
    5.6576221780              0.00186           0.00090           0.00000
    5.7287902018              0.00166           0.00080           0.00000
    5.8008534091              0.00147           0.00071           0.00000
    5.8738230599              0.00130           0.00063           0.00000
    5.9477105560              0.00115           0.00056           0.00000
    6.0225274424              0.00102           0.00049           0.00000
    6.0982854093              0.00090           0.00044           0.00000
    6.1749962942              0.00079           0.00039           0.00000
    6.2526720832              0.00070           0.00034           0.00000
    6.3313249133              0.00061           0.00030           0.00000
    6.4109670743              0.00054           0.00026           0.00000
    6.4916110103              0.00047           0.00023           0.00000
    6.5732693222              0.00041           0.00020           0.00000
    6.6559547692              0.00036           0.00017           0.00000
    6.7396802711              0.00031           0.00015           0.00000
    6.8244589101              0.00027           0.00013           0.00000
    6.9103039332              0.00024           0.00011           0.00000
    6.9972287537              0.00020           0.00010           0.00000
    7.0852469538              0.00018           0.00009           0.00000
    7.1743722867              0.00015           0.00007           0.00000
    7.2646186782              0.00013           0.00006           0.00000
    7.3560002295              0.00011           0.00005           0.00000
    7.4485312193              0.00010           0.00005           0.00000
    7.5422261056              0.00008           0.00004           0.00000
    7.6370995286              0.00007           0.00003           0.00000
    7.7331663123              0.00006           0.00003           0.00000
    7.8304414673              0.00005           0.00003           0.00000
    7.9289401932              0.00004           0.00002           0.00000
    8.0286778806              0.00004           0.00002           0.00000
    8.1296701136              0.00003           0.00002           0.00000
    8.2319326725              0.00003           0.00001           0.00000
    8.3354815361              0.00002           0.00001           0.00000
    8.4403328840              0.00002           0.00001           0.00000
    8.5465030995              0.00002           0.00001           0.00000
    8.6540087720              0.00001           0.00001           0.00000
    8.7628666993              0.00001           0.00001           0.00000
    8.8730938908              0.00001           0.00000           0.00000
    8.9847075697              0.00001           0.00000           0.00000
    9.0977251758              0.00001           0.00000           0.00000
    9.2121643684              0.00001           0.00000           0.00000
    9.3280430289              0.00000           0.00000           0.00000
    9.4453792634              0.00000           0.00000           0.00000
    9.5641914061              0.00000           0.00000           0.00000
    9.6844980216              0.00000           0.00000           0.00000
    9.8063179081              0.00000           0.00000           0.00000
    9.9296701000              0.00000           0.00000           0.00000
   10.0545738715              0.00000           0.00000           0.00000
   10.1810487391              0.00000           0.00000           0.00000
   10.3091144647              0.00000           0.00000           0.00000
   10.4387910587              0.00000           0.00000           0.00000
   10.5700987836              0.00000           0.00000           0.00000
   10.7030581563              0.00000           0.00000           0.00000
   10.8376899520              0.00000           0.00000           0.00000
   10.9740152072              0.00000           0.00000           0.00000
   11.1120552230              0.00000           0.00000           0.00000
   11.2518315685              0.00000           0.00000           0.00000
   11.3933660840              0.00000           0.00000           0.00000
   11.5366808846              0.00000           0.00000           0.00000
   11.6817983634              0.00000           0.00000           0.00000
   11.8287411953              0.00000           0.00000           0.00000
   11.9775323406              0.00000           0.00000           0.00000
   12.1281950481              0.00000           0.00000           0.00000
   12.2807528591              0.00000           0.00000           0.00000
   12.4352296112              0.00000           0.00000           0.00000
   12.5916494416              0.00000           0.00000           0.00000
   12.7500367913              0.00000           0.00000           0.00000
   12.9104164086              0.00000           0.00000           0.00000
   13.0728133531              0.00000           0.00000           0.00000
   13.2372529997              0.00000           0.00000           0.00000
   13.4037610425              0.00000           0.00000           0.00000
   13.5723634986              0.00000           0.00000           0.00000
   13.7430867125              0.00000           0.00000           0.00000
   13.9159573601              0.00000           0.00000           0.00000
   14.0910024527              0.00000           0.00000           0.00000
   14.2682493416              0.00000           0.00000           0.00000
   14.4477257219              0.00000           0.00000           0.00000
   14.6294596371              0.00000           0.00000           0.00000
   14.8134794836              0.00000           0.00000           0.00000
   14.9998140148              0.00000           0.00000           0.00000
   15.1884923458              0.00000           0.00000           0.00000
   15.3795439581              0.00000           0.00000           0.00000
   15.5729987039              0.00000           0.00000           0.00000
   15.7688868108              0.00000           0.00000           0.00000
   15.9672388867              0.00000           0.00000           0.00000
   16.1680859247              0.00000           0.00000           0.00000
   16.3714593073              0.00000           0.00000           0.00000
   16.5773908122              0.00000           0.00000           0.00000
   16.7859126166              0.00000           0.00000           0.00000
   16.9970573024              0.00000           0.00000           0.00000
   17.2108578613              0.00000           0.00000           0.00000
   17.4273477003              0.00000           0.00000           0.00000
   17.6465606462              0.00000           0.00000           0.00000
   17.8685309515              0.00000           0.00000           0.00000
   18.0932932995              0.00000           0.00000           0.00000
   18.3208828098              0.00000           0.00000           0.00000
   18.5513350438              0.00000           0.00000           0.00000
   18.7846860100              0.00000           0.00000           0.00000
   19.0209721701              0.00000           0.00000           0.00000
   19.2602304441              0.00000           0.00000           0.00000
   19.5024982168              0.00000           0.00000           0.00000
   19.7478133429              0.00000           0.00000           0.00000
   19.9962141534              0.00000           0.00000           0.00000
   20.2477394615              0.00000           0.00000           0.00000
   20.5024285685              0.00000           0.00000           0.00000
   20.7603212700              0.00000           0.00000           0.00000
   21.0214578625              0.00000           0.00000           0.00000
   21.2858791489              0.00000           0.00000           0.00000
   21.5536264456              0.00000           0.00000           0.00000
   21.8247415887              0.00000           0.00000           0.00000
   22.0992669405              0.00000           0.00000           0.00000
   22.3772453962              0.00000           0.00000           0.00000
   22.6587203904              0.00000           0.00000           0.00000
   22.9437359041              0.00000           0.00000           0.00000
   23.2323364717              0.00000           0.00000           0.00000
   23.5245671876              0.00000           0.00000           0.00000
   23.8204737133              0.00000           0.00000           0.00000
   24.1201022849              0.00000           0.00000           0.00000
   24.4234997200              0.00000           0.00000           0.00000
   24.7307134251              0.00000           0.00000           0.00000
   25.0417914028              0.00000           0.00000           0.00000
   25.3567822598              0.00000           0.00000           0.00000
   25.6757352141              0.00000           0.00000           0.00000
   25.9987001026              0.00000           0.00000           0.00000
   26.3257273893              0.00000           0.00000           0.00000
   26.6568681729              0.00000           0.00000           0.00000
   26.9921741948              0.00000           0.00000           0.00000
   27.3316978472              0.00000           0.00000           0.00000
   27.6754921815              0.00000           0.00000           0.00000
   28.0236109161              0.00000           0.00000           0.00000
   28.3761084454              0.00000           0.00000           0.00000
   28.7330398477              0.00000           0.00000           0.00000
   29.0944608944              0.00000           0.00000           0.00000
   29.4604280583              0.00000           0.00000           0.00000
   29.8309985223              0.00000           0.00000           0.00000
   30.2062301890              0.00000           0.00000           0.00000
   30.5861816890              0.00000           0.00000           0.00000
   30.9709123906              0.00000           0.00000           0.00000
   31.3604824086              0.00000           0.00000           0.00000
   31.7549526142              0.00000           0.00000           0.00000
   32.1543846442              0.00000           0.00000           0.00000
   32.5588409106              0.00000           0.00000           0.00000
   32.9683846106              0.00000           0.00000           0.00000
   33.3830797362              0.00000           0.00000           0.00000
   33.8029910842              0.00000           0.00000           0.00000
   34.2281842669              0.00000           0.00000           0.00000
   34.6587257214              0.00000           0.00000           0.00000
   35.0946827207              0.00000           0.00000           0.00000
   35.5361233840              0.00000           0.00000           0.00000
   35.9831166873              0.00000           0.00000           0.00000
   36.4357324741              0.00000           0.00000           0.00000
   36.8940414668              0.00000           0.00000           0.00000
   37.3581152769              0.00000           0.00000           0.00000
   37.8280264169              0.00000           0.00000           0.00000
   38.3038483114              0.00000           0.00000           0.00000
   38.7856553086              0.00000           0.00000           0.00000
   39.2735226917              0.00000           0.00000           0.00000
   39.7675266911              0.00000           0.00000           0.00000
   40.2677444958              0.00000           0.00000           0.00000
   40.7742542659              0.00000           0.00000           0.00000
   41.2871351447              0.00000           0.00000           0.00000
   41.8064672707              0.00000           0.00000           0.00000
   42.3323317907              0.00000           0.00000           0.00000
   42.8648108721              0.00000           0.00000           0.00000
   43.4039877158              0.00000           0.00000           0.00000
   43.9499465693              0.00000           0.00000           0.00000
   44.5027727398              0.00000           0.00000           0.00000
   45.0625526075              0.00000           0.00000           0.00000
   45.6293736391              0.00000           0.00000           0.00000
   46.2033244017              0.00000           0.00000           0.00000
   46.7844945760              0.00000           0.00000           0.00000
   47.3729749712              0.00000           0.00000           0.00000
   47.9688575386              0.00000           0.00000           0.00000
   48.5722353860              0.00000           0.00000           0.00000
   49.1832027924              0.00000           0.00000           0.00000
   49.8018552227              0.00000           0.00000           0.00000
   50.4282893426              0.00000           0.00000           0.00000
   51.0626030337              0.00000           0.00000           0.00000
   51.7048954089              0.00000           0.00000           0.00000
   52.3552668275              0.00000           0.00000           0.00000
   53.0138189116              0.00000           0.00000           0.00000
   53.6806545611              0.00000           0.00000           0.00000
   54.3558779705              0.00000           0.00000           0.00000
   55.0395946449              0.00000           0.00000           0.00000
   55.7319114163              0.00000           0.00000           0.00000
   56.4329364607              0.00000           0.00000           0.00000
   57.1427793146              0.00000           0.00000           0.00000
   57.8615508925              0.00000           0.00000           0.00000
   58.5893635038              0.00000           0.00000           0.00000
   59.3263308708              0.00000           0.00000           0.00000
   60.0725681461              0.00000           0.00000           0.00000
   60.8281919308              0.00000           0.00000           0.00000
   61.5933202926              0.00000           0.00000           0.00000
   62.3680727845              0.00000           0.00000           0.00000
   63.1525704631              0.00000           0.00000           0.00000
   63.9469359077              0.00000           0.00000           0.00000
   64.7512932395              0.00000           0.00000           0.00000
   65.5657681411              0.00000           0.00000           0.00000
   66.3904878757              0.00000           0.00000           0.00000
   67.2255813076              0.00000           0.00000           0.00000
   68.0711789217              0.00000           0.00000           0.00000
   68.9274128445              0.00000           0.00000           0.00000
   69.7944168641              0.00000           0.00000           0.00000
   70.6723264518              0.00000           0.00000           0.00000
   71.5612787827              0.00000           0.00000           0.00000
   72.4614127574              0.00000           0.00000           0.00000
   73.3728690237              0.00000           0.00000           0.00000
   74.2957899985              0.00000           0.00000           0.00000
   75.2303198900              0.00000           0.00000           0.00000
   76.1766047205              0.00000           0.00000           0.00000
   77.1347923488              0.00000           0.00000           0.00000
   78.1050324938              0.00000           0.00000           0.00000
   79.0874767575              0.00000           0.00000           0.00000
   80.0822786487              0.00000           0.00000           0.00000
   81.0895936073              0.00000           0.00000           0.00000
   82.1095790283              0.00000           0.00000           0.00000
   83.1423942865              0.00000           0.00000           0.00000
   84.1882007614              0.00000           0.00000           0.00000
   85.2471618623              0.00000           0.00000           0.00000
   86.3194430541              0.00000           0.00000           0.00000
   87.4052118830              0.00000           0.00000           0.00000
   88.5046380024              0.00000           0.00000           0.00000
   89.6178932000              0.00000           0.00000           0.00000
   90.7451514241              0.00000           0.00000           0.00000
   91.8865888112              0.00000           0.00000           0.00000
   93.0423837132              0.00000           0.00000           0.00000
   94.2127167253              0.00000           0.00000           0.00000
   95.3977707145              0.00000           0.00000           0.00000
   96.5977308479              0.00000           0.00000           0.00000
   97.8127846216              0.00000           0.00000           0.00000
   99.0431218904              0.00000           0.00000           0.00000
  100.2889348969              0.00000           0.00000           0.00000
  101.5504183019              0.00000           0.00000           0.00000
  102.8277692148              0.00000           0.00000           0.00000
  104.1211872243              0.00000           0.00000           0.00000
  105.4308744295              0.00000           0.00000           0.00000
  106.7570354717              0.00000           0.00000           0.00000
  108.0998775664              0.00000           0.00000           0.00000
  109.4596105353              0.00000           0.00000           0.00000
  110.8364468394              0.00000           0.00000           0.00000
  112.2306016123              0.00000           0.00000           0.00000
  113.6422926934              0.00000           0.00000           0.00000
  115.0717406624              0.00000           0.00000           0.00000
  116.5191688733              0.00000           0.00000           0.00000
  117.9848034899              0.00000           0.00000           0.00000
  119.4688735205              0.00000           0.00000           0.00000
