    -2.665578       1.406021
    -2.585524       1.372417
    -2.505470       1.337709
    -2.425417       1.301795
    -2.345363       1.264560
    -2.265309       1.225872
    -2.185256       1.185577
    -2.105202       1.143500
    -2.025148       1.099435
    -1.945095       1.053142
    -1.865041       1.004337
    -1.784987       0.952683
    -1.704934       0.897779
    -1.624880       0.839136
    -1.544826       0.776160
    -1.464772       0.708121
    -1.384719       0.634104
    -1.304665       0.552953
    -1.224611       0.463188
    -1.144558       0.362874
    -1.064504       0.249436
    -0.984450       0.119375
    -0.904397      -0.032200
    -0.824343      -0.212331
    -0.744289      -0.431549
    -0.664236      -0.706330
    -0.584182      -1.064000
    -0.504128      -1.553413
    -0.424075      -2.271392
    -0.344021      -3.440666
    -0.263967      -5.713325
    -0.183914     -12.167940
    -0.103860    -190.145931
    -0.023806      16.623755
     0.056247       8.544251
     0.136301       5.970855
     0.216355       4.694872
     0.296409       3.925791
     0.376462       3.406774
     0.456516       3.029335
     0.536570       2.739734
     0.616623       2.508311
     0.696677       2.317359
     0.776731       2.155642
     0.856784       2.015692
     0.936838       1.892351
     1.016892       1.781934
     1.096945       1.681742
     1.176999       1.589744
     1.257053       1.504393
     1.337106       1.424475
