    -3.759770       1.486836
    -3.679770       1.451853
    -3.599770       1.415583
    -3.519770       1.377900
    -3.439770       1.338661
    -3.359770       1.297699
    -3.279770       1.254822
    -3.199770       1.209808
    -3.119770       1.162394
    -3.039770       1.112273
    -2.959770       1.059078
    -2.879770       1.002372
    -2.799770       0.941629
    -2.719770       0.876203
    -2.639770       0.805303
    -2.559770       0.727943
    -2.479770       0.642879
    -2.399770       0.548516
    -2.319770       0.442782
    -2.239770       0.322927
    -2.159770       0.185224
    -2.079770       0.024487
    -1.999770      -0.166700
    -1.919770      -0.399367
    -1.839770      -0.690613
    -1.759770      -1.068509
    -1.679770      -1.582523
    -1.599770      -2.328749
    -1.519770      -3.521790
    -1.439770      -5.758757
    -1.359770     -11.557108
    -1.279770     -64.744790
    -1.199770      22.671753
    -1.119770      10.512094
    -1.039770       7.158740
    -0.959770       5.578219
    -0.879770       4.652153
    -0.799770       4.039325
    -0.719770       3.600534
    -0.639770       3.268364
    -0.559770       3.006193
    -0.479770       2.792408
    -0.399770       2.613436
    -0.319770       2.460315
    -0.239770       2.326893
    -0.159770       2.208803
    -0.079770       2.102862
     0.000230       2.006688
     0.080230       1.918472
     0.160230       1.836804
     0.240230       1.760578
