  0.0000     0.00000000    1.0205
  0.0101     0.00147939    1.0205
  0.0201     0.00564793    1.0205
  0.0301     0.01220271    1.0205
  0.0403     0.02094881    1.0205
  0.0505     0.03167474    1.0205
  0.0602     0.04339012    1.0205
  0.0700     0.05651337    1.0205
  0.0804     0.07163990    1.0205
  0.0900     0.08663529    1.0205
  0.1008     0.10435513    1.0205
  0.1100     0.12024872    1.0205
  0.1201     0.13817421    1.0205
  0.1311     0.15829471    1.0205
  0.1413     0.17740314    1.0205
  0.1505     0.19470509    1.0205
  0.1602     0.21330418    1.0205
  0.1705     0.23323235    1.0205
  0.1816     0.25451028    1.0205
  0.1909     0.27250982    1.0205
  0.2007     0.29137459    1.0205
  0.2110     0.31109376    1.0205
  0.2218     0.33164835    1.0205
  0.2303     0.34759609    1.0205
  0.2421     0.36953956    1.0205
  0.2514     0.38648210    1.0205
  0.2610     0.40381473    1.0205
  0.2710     0.42151042    1.0205
  0.2814     0.43953833    1.0205
  0.2921     0.45786367    1.0205
  0.3033     0.47644765    1.0205
  0.3110     0.48895972    1.0205
  0.3229     0.50787790    1.0205
  0.3311     0.52056894    1.0205
  0.3437     0.53968564    1.0205
  0.3525     0.55246022    1.0205
  0.3614     0.56523966    1.0205
  0.3705     0.57800711    1.0205
  0.3847     0.59709817    1.0205
  0.3945     0.60975995    1.0205
  0.4045     0.62234833    1.0205
  0.4147     0.63484474    1.0205
  0.4252     0.64722976    1.0205
  0.4306     0.65337411    1.0205
  0.4415     0.66555297    1.0205
  0.4527     0.67756619    1.0205
  0.4641     0.68938928    1.0205
  0.4759     0.70099614    1.0205
  0.4819     0.70670995    1.0205
  0.4941     0.71794058    1.0205
  0.5003     0.72345017    1.0205
  0.5130     0.73423956    1.0205
  0.5260     0.74469795    1.0205
  0.5326     0.74979378    1.0205
  0.5461     0.75970038    1.0205
  0.5529     0.76450388    1.0205
  0.5669     0.77379327    1.0205
  0.5741     0.77827208    1.0205
  0.5813     0.78263565    1.0205
  0.5960     0.79100328    1.0205
  0.6035     0.79500061    1.0205
  0.6111     0.79886919    1.0205
  0.6266     0.80620719    1.0205
  0.6345     0.80967030    1.0205
  0.6425     0.81299206    1.0205
  0.6506     0.81616947    1.0205
  0.6670     0.82207967    1.0205
  0.6754     0.82480688    1.0205
  0.6839     0.82737857    1.0205
  0.6925     0.82979216    1.0205
  0.7013     0.83204518    1.0205
  0.7101     0.83413524    1.0205
  0.7281     0.83781744    1.0205
  0.7372     0.83940534    1.0205
  0.7465     0.84082178    1.0205
  0.7559     0.84206494    1.0205
  0.7654     0.84313309    1.0205
  0.7750     0.84402462    1.0205
  0.7848     0.84473806    1.0205
  0.7947     0.84527205    1.0205
  0.8047     0.84562537    1.0205
  0.8148     0.84579692    1.0205
  0.8250     0.84578574    1.0205
  0.8354     0.84559100    1.0205
  0.8459     0.84521201    1.0205
  0.8566     0.84464820    1.0205
  0.8674     0.84389915    1.0205
  0.8783     0.84296457    1.0205
  0.8893     0.84184432    1.0205
  0.9005     0.84053838    1.0205
  0.9118     0.83904688    1.0205
  0.9233     0.83737008    1.0205
  0.9349     0.83550838    1.0205
  0.9467     0.83346232    1.0205
  0.9586     0.83123258    1.0205
  0.9707     0.82881996    1.0205
  0.9829     0.82622540    1.0205
  0.9953     0.82344998    1.0205
  1.0078     0.82049490    1.0205
  1.0205     0.81736150    1.0205
  1.0333     0.81405124    1.0205
  1.0463     0.81056571    1.0205
  1.0595     0.80690662    1.0205
  1.0728     0.80307580    1.0205
  1.0863     0.79907521    1.0205
  1.1000     0.79490692    1.0205
  1.1138     0.79057310    1.0205
  1.1278     0.78607606    1.0205
  1.1420     0.78141820    1.0205
  1.1564     0.77660202    1.0205
  1.1709     0.77163015    1.0205
  1.1857     0.76650529    1.0205
  1.2006     0.76123026    1.0205
  1.2157     0.75580795    1.0205
  1.2310     0.75024136    1.0205
  1.2465     0.74453358    1.0205
  1.2621     0.73868777    1.0205
  1.2780     0.73270717    1.0205
  1.2941     0.72659512    1.0205
  1.3104     0.72035501    1.0205
  1.3269     0.71399032    1.0205
  1.3436     0.70750457    1.0205
  1.3605     0.70090138    1.0205
  1.3776     0.69418441    1.0205
  1.3949     0.68735737    1.0205
  1.4125     0.68042405    1.0205
  1.4302     0.67338826    1.0205
  1.4482     0.66625389    1.0205
  1.4665     0.65902486    1.0205
  1.4849     0.65170511    1.0205
  1.5036     0.64429865    1.0205
  1.5225     0.63680952    1.0205
  1.5417     0.62924176    1.0205
  1.5611     0.62159948    1.0205
  1.5807     0.61388679    1.0205
  1.6006     0.60610782    1.0205
  1.6207     0.59826673    1.0205
  1.6411     0.59036769    1.0205
  1.6618     0.58241487    1.0205
  1.6827     0.57441246    1.0205
  1.7038     0.56636467    1.0205
  1.7253     0.55827567    1.0205
  1.7470     0.55014966    1.0205
  1.7689     0.54199082    1.0205
  1.7912     0.53380334    1.0205
  1.8137     0.52559136    1.0205
  1.8366     0.51735905    1.0205
  1.8597     0.50911052    1.0205
  1.8831     0.50084988    1.0205
  1.9067     0.49258120    1.0205
  1.9307     0.48430853    1.0205
  1.9550     0.47603588    1.0205
  1.9796     0.46776721    1.0205
  2.0045     0.45950645    1.0205
  2.0297     0.45125748    1.0205
  2.0553     0.44302414    1.0205
  2.0811     0.43481020    1.0205
  2.1073     0.42661938    1.0205
  2.1338     0.41845535    1.0205
  2.1607     0.41032168    1.0205
  2.1878     0.40222192    1.0205
  2.2154     0.39415951    1.0205
  2.2432     0.38613783    1.0205
  2.2715     0.37816018    1.0205
  2.3000     0.37022979    1.0205
  2.3290     0.36234979    1.0205
  2.3583     0.35452324    1.0205
  2.3879     0.34675309    1.0205
  2.4180     0.33904222    1.0205
  2.4484     0.33139341    1.0205
  2.4792     0.32380935    1.0205
  2.5104     0.31629263    1.0205
  2.5420     0.30884575    1.0205
  2.5739     0.30147110    1.0205
  2.6063     0.29417100    1.0205
  2.6391     0.28694764    1.0205
  2.6723     0.27980314    1.0205
  2.7059     0.27273950    1.0205
  2.7400     0.26575864    1.0205
  2.7744     0.25886238    1.0205
  2.8093     0.25205245    1.0205
  2.8447     0.24533048    1.0205
  2.8805     0.23869800    1.0205
  2.9167     0.23215646    1.0205
  2.9534     0.22570723    1.0205
  2.9905     0.21935157    1.0205
  3.0282     0.21309067    1.0205
  3.0663     0.20692562    1.0205
  3.1048     0.20085746    1.0205
  3.1439     0.19488712    1.0205
  3.1834     0.18901546    1.0205
  3.2235     0.18324326    1.0205
  3.2640     0.17757124    1.0205
  3.3051     0.17200003    1.0205
  3.3467     0.16653020    1.0205
  3.3888     0.16116224    1.0205
  3.4314     0.15589658    1.0205
  3.4746     0.15073358    1.0205
  3.5183     0.14567352    1.0205
  3.5625     0.14071665    1.0205
  3.6073     0.13586311    1.0205
  3.6527     0.13111301    1.0205
  3.6987     0.12646639    1.0205
  3.7452     0.12192321    1.0205
  3.7923     0.11748339    1.0205
  3.8400     0.11314677    1.0205
  3.8883     0.10891313    1.0205
  3.9372     0.10478220    1.0205
  3.9868     0.10075362    1.0205
  4.0369     0.09682701    1.0205
  4.0877     0.09300188    1.0205
  4.1391     0.08927771    1.0205
  4.1912     0.08565390    1.0205
  4.2439     0.08212979    1.0205
  4.2973     0.07870467    1.0205
  4.3514     0.07537775    1.0205
  4.4061     0.07214817    1.0205
  4.4615     0.06901504    1.0205
  4.5176     0.06597738    1.0205
  4.5745     0.06303416    1.0205
  4.6320     0.06018428    1.0205
  4.6903     0.05742661    1.0205
  4.7493     0.05475993    1.0205
  4.8090     0.05218297    1.0205
  4.8695     0.04969443    1.0205
  4.9308     0.04729292    1.0205
  4.9928     0.04497704    1.0205
  5.0556     0.04274530    1.0205
  5.1192     0.04059621    1.0205
  5.1836     0.03852819    1.0205
  5.2488     0.03653967    1.0205
  5.3148     0.03462899    1.0205
  5.3817     0.03279450    1.0205
  5.4494     0.03103449    1.0205
  5.5179     0.02934723    1.0205
  5.5873     0.02773098    1.0205
  5.6576     0.02618396    1.0205
  5.7288     0.02470438    1.0205
  5.8009     0.02329042    1.0205
  5.8738     0.02194027    1.0205
  5.9477     0.02065210    1.0205
  6.0225     0.01942409    1.0205
  6.0983     0.01825438    1.0205
  6.1750     0.01714116    1.0205
  6.2527     0.01608259    1.0205
  6.3313     0.01507685    1.0205
  6.4110     0.01412213    1.0205
  6.4916     0.01321663    1.0205
  6.5733     0.01235858    1.0205
  6.6560     0.01154621    1.0205
  6.7397     0.01077778    1.0205
  6.8245     0.01005157    1.0205
  6.9103     0.00936590    1.0205
  6.9972     0.00871909    1.0205
  7.0852     0.00810951    1.0205
  7.1744     0.00753557    1.0205
  7.2646     0.00699570    1.0205
  7.3560     0.00648835    1.0205
  7.4485     0.00601205    1.0205
  7.5422     0.00556531    1.0205
  7.6371     0.00514673    1.0205
  7.7332     0.00475493    1.0205
  7.8304     0.00438855    1.0205
  7.9289     0.00404631    1.0205
  8.0287     0.00372694    1.0205
  8.1297     0.00342922    1.0205
  8.2319     0.00315199    1.0205
  8.3355     0.00289409    1.0205
  8.4403     0.00265446    1.0205
  8.5465     0.00243202    1.0205
  8.6540     0.00222579    1.0205
  8.7629     0.00203478    1.0205
  8.8731     0.00185808    1.0205
  8.9847     0.00169480    1.0205
  9.0977     0.00154409    1.0205
  9.2122     0.00140515    1.0205
  9.3280     0.00127721    1.0205
  9.4454     0.00115953    1.0205
  9.5642     0.00105143    1.0205
  9.6845     0.00095225    1.0205
  9.8063     0.00086136    1.0205
  9.9297     0.00077817    1.0205
 10.0546     0.00070213    1.0205
 10.1810     0.00063271    1.0205
 10.3091     0.00056942    1.0205
 10.4388     0.00051179    1.0205
 10.5701     0.00045938    1.0205
 10.7031     0.00041178    1.0205
 10.8377     0.00036862    1.0205
 10.9740     0.00032952    1.0205
 11.1121     0.00029417    1.0205
 11.2518     0.00026223    1.0205
 11.3934     0.00023343    1.0205
 11.5367     0.00020750    1.0205
 11.6818     0.00018417    1.0205
 11.8287     0.00016323    1.0205
 11.9775     0.00014445    1.0205
 12.1282     0.00012764    1.0205
 12.2808     0.00011261    1.0205
 12.4352     0.00009919    1.0205
 12.5916     0.00008724    1.0205
 12.7500     0.00007660    1.0205
 12.9104     0.00006716    1.0205
 13.0728     0.00005878    1.0205
 13.2373     0.00005136    1.0205
 13.4038     0.00004480    1.0205
 13.5724     0.00003902    1.0205
 13.7431     0.00003392    1.0205
 13.9160     0.00002944    1.0205
 14.0910     0.00002550    1.0205
 14.2682     0.00002206    1.0205
 14.4477     0.00001904    1.0205
 14.6295     0.00001641    1.0205
 14.8135     0.00001411    1.0205
 14.9998     0.00001211    1.0205
 15.1885     0.00001038    1.0205
 15.3795     0.00000888    1.0205
 15.5730     0.00000758    1.0205
 15.7689     0.00000645    1.0205
 15.9672     0.00000549    1.0205
 16.1681     0.00000465    1.0205
 16.3715     0.00000394    1.0205
 16.5774     0.00000333    1.0205
 16.7859     0.00000281    1.0205
 16.9971     0.00000236    1.0205
 17.2109     0.00000198    1.0205
 17.4273     0.00000166    1.0205
 17.6466     0.00000139    1.0205
 17.8685     0.00000116    1.0205
 18.0933     0.00000096    1.0205
 18.3209     0.00000080    1.0205
 18.5513     0.00000066    1.0205
 18.7847     0.00000055    1.0205
 19.0210     0.00000045    1.0205
 19.2602     0.00000037    1.0205
 19.5025     0.00000030    1.0205
 19.7478     0.00000025    1.0205
 19.9962     0.00000020    1.0205
 20.2477     0.00000017    1.0205
 20.5024     0.00000013    1.0205
 20.7603     0.00000011    1.0205
 21.0215     0.00000009    1.0205
 21.2859     0.00000007    1.0205
 21.5536     0.00000006    1.0205
 21.8247     0.00000005    1.0205
 22.0993     0.00000004    1.0205
 22.3772     0.00000003    1.0205
 22.6587     0.00000002    1.0205
 22.9437     0.00000002    1.0205
 23.2323     0.00000001    1.0205
 23.5246     0.00000001    1.0205
 23.8205     0.00000001    1.0205
 24.1201     0.00000001    1.0205
 24.4235     0.00000001    1.0205
 24.7307     0.00000000    1.0205
 25.0418     0.00000000    1.0205
 25.3568     0.00000000    1.0205
 25.6757     0.00000000    1.0205
 25.9987     0.00000000    1.0205
 26.3257     0.00000000    1.0205
 26.6569     0.00000000    1.0205
 26.9922     0.00000000    1.0205
 27.3317     0.00000000    1.0205
 27.6755     0.00000000    1.0205
 28.0236     0.00000000    1.0205
 28.3761     0.00000000    1.0205
 28.7330     0.00000000    1.0205
 29.0945     0.00000000    1.0205
 29.4604     0.00000000    1.0205
 29.8310     0.00000000    1.0205
 30.2062     0.00000000    1.0205
 30.5862     0.00000000    1.0205
 30.9709     0.00000000    1.0205
 31.3605     0.00000000    1.0205
 31.7550     0.00000000    1.0205
 32.1544     0.00000000    1.0205
 32.5588     0.00000000    1.0205
 32.9684     0.00000000    1.0205
 33.3831     0.00000000    1.0205
 33.8030     0.00000000    1.0205
 34.2282     0.00000000    1.0205
 34.6587     0.00000000    1.0205
 35.0947     0.00000000    1.0205
 35.5361     0.00000000    1.0205
 35.9831     0.00000000    1.0205
 36.4357     0.00000000    1.0205
 36.8940     0.00000000    1.0205
 37.3581     0.00000000    1.0205
 37.8280     0.00000000    1.0205
 38.3038     0.00000000    1.0205
 38.7857     0.00000000    1.0205
 39.2735     0.00000000    1.0205
 39.7675     0.00000000    1.0205
 40.2677     0.00000000    1.0205
 40.7743     0.00000000    1.0205
 41.2871     0.00000000    1.0205
