  0.0000    -0.00004000    0.0000
  0.0101    -0.09431663    0.0000
  0.0201    -0.17299769    0.0000
  0.0301    -0.23843615    0.0000
  0.0403    -0.29233561    0.0000
  0.0505    -0.33560399    0.0000
  0.0602    -0.36737946    0.0000
  0.0700    -0.39120404    0.0000
  0.0804    -0.40839318    0.0000
  0.0900    -0.41774771    0.0000
  0.1008    -0.42155370    0.0000
  0.1100    -0.41982197    0.0000
  0.1201    -0.41325667    0.0000
  0.1311    -0.40117661    0.0000
  0.1413    -0.38591984    0.0000
  0.1505    -0.36943475    0.0000
  0.1602    -0.34928376    0.0000
  0.1705    -0.32526530    0.0000
  0.1816    -0.29720515    0.0000
  0.1909    -0.27175197    0.0000
  0.2007    -0.24357002    0.0000
  0.2110    -0.21262741    0.0000
  0.2218    -0.17891518    0.0000
  0.2303    -0.15182241    0.0000
  0.2421    -0.11332031    0.0000
  0.2514    -0.08269694    0.0000
  0.2610    -0.05062037    0.0000
  0.2710    -0.01714194    0.0000
  0.2814     0.01767572    0.0000
  0.2921     0.05375830    0.0000
  0.3033     0.09101948    0.0000
  0.3110     0.11646692    0.0000
  0.3229     0.15546757    0.0000
  0.3311     0.18196967    0.0000
  0.3437     0.22238003    0.0000
  0.3525     0.24969875    0.0000
  0.3614     0.27726970    0.0000
  0.3705     0.30504735    0.0000
  0.3847     0.34699723    0.0000
  0.3945     0.37508052    0.0000
  0.4045     0.40319727    0.0000
  0.4147     0.43129425    0.0000
  0.4252     0.45931655    0.0000
  0.4306     0.47328203    0.0000
  0.4415     0.50108524    0.0000
  0.4527     0.52866807    0.0000
  0.4641     0.55596861    0.0000
  0.4759     0.58292300    0.0000
  0.4819     0.59624994    0.0000
  0.4941     0.62256162    0.0000
  0.5003     0.63552949    0.0000
  0.5130     0.66104677    0.0000
  0.5260     0.68594925    0.0000
  0.5326     0.69814864    0.0000
  0.5461     0.72200133    0.0000
  0.5529     0.73363784    0.0000
  0.5669     0.75628966    0.0000
  0.5741     0.76728861    0.0000
  0.5813     0.77805883    0.0000
  0.5960     0.79888150    0.0000
  0.6035     0.80891845    0.0000
  0.6111     0.81869570    0.0000
  0.6266     0.83744169    0.0000
  0.6345     0.84639612    0.0000
  0.6425     0.85506226    0.0000
  0.6506     0.86343342    0.0000
  0.6670     0.87926503    0.0000
  0.6754     0.88671313    0.0000
  0.6839     0.89384158    0.0000
  0.6925     0.90064478    0.0000
  0.7013     0.90711740    0.0000
  0.7101     0.91325437    0.0000
  0.7281     0.92450238    0.0000
  0.7372     0.92960465    0.0000
  0.7465     0.93435375    0.0000
  0.7559     0.93874602    0.0000
  0.7654     0.94277815    0.0000
  0.7750     0.94644710    0.0000
  0.7848     0.94975018    0.0000
  0.7947     0.95268504    0.0000
  0.8047     0.95524963    0.0000
  0.8148     0.95744227    0.0000
  0.8250     0.95926159    0.0000
  0.8354     0.96070658    0.0000
  0.8459     0.96177660    0.0000
  0.8566     0.96247131    0.0000
  0.8674     0.96279078    0.0000
  0.8783     0.96273538    0.0000
  0.8893     0.96230586    0.0000
  0.9005     0.96150333    0.0000
  0.9118     0.96032923    0.0000
  0.9233     0.95878536    0.0000
  0.9349     0.95687388    0.0000
  0.9467     0.95459729    0.0000
  0.9586     0.95195843    0.0000
  0.9707     0.94896047    0.0000
  0.9829     0.94560695    0.0000
  0.9953     0.94190170    0.0000
  1.0078     0.93784892    0.0000
  1.0205     0.93345309    0.0000
  1.0333     0.92871903    0.0000
  1.0463     0.92365186    0.0000
  1.0595     0.91825702    0.0000
  1.0728     0.91254020    0.0000
  1.0863     0.90650742    0.0000
  1.1000     0.90016497    0.0000
  1.1138     0.89351938    0.0000
  1.1278     0.88657747    0.0000
  1.1420     0.87934630    0.0000
  1.1564     0.87183317    0.0000
  1.1709     0.86404562    0.0000
  1.1857     0.85599139    0.0000
  1.2006     0.84767846    0.0000
  1.2157     0.83911497    0.0000
  1.2310     0.83030928    0.0000
  1.2465     0.82126991    0.0000
  1.2621     0.81200556    0.0000
  1.2780     0.80252506    0.0000
  1.2941     0.79283741    0.0000
  1.3104     0.78295171    0.0000
  1.3269     0.77287720    0.0000
  1.3436     0.76262322    0.0000
  1.3605     0.75219920    0.0000
  1.3776     0.74161464    0.0000
  1.3949     0.73087913    0.0000
  1.4125     0.72000230    0.0000
  1.4302     0.70899385    0.0000
  1.4482     0.69786347    0.0000
  1.4665     0.68662091    0.0000
  1.4849     0.67527590    0.0000
  1.5036     0.66383818    0.0000
  1.5225     0.65231748    0.0000
  1.5417     0.64072348    0.0000
  1.5611     0.62906584    0.0000
  1.5807     0.61735416    0.0000
  1.6006     0.60559797    0.0000
  1.6207     0.59380674    0.0000
  1.6411     0.58198986    0.0000
  1.6618     0.57015659    0.0000
  1.6827     0.55831612    0.0000
  1.7038     0.54647750    0.0000
  1.7253     0.53464965    0.0000
  1.7470     0.52284137    0.0000
  1.7689     0.51106130    0.0000
  1.7912     0.49931792    0.0000
  1.8137     0.48761954    0.0000
  1.8366     0.47597429    0.0000
  1.8597     0.46439014    0.0000
  1.8831     0.45287482    0.0000
  1.9067     0.44143591    0.0000
  1.9307     0.43008073    0.0000
  1.9550     0.41881641    0.0000
  1.9796     0.40764985    0.0000
  2.0045     0.39658771    0.0000
  2.0297     0.38563642    0.0000
  2.0553     0.37480216    0.0000
  2.0811     0.36409085    0.0000
  2.1073     0.35350818    0.0000
  2.1338     0.34305954    0.0000
  2.1607     0.33275011    0.0000
  2.1878     0.32258475    0.0000
  2.2154     0.31256807    0.0000
  2.2432     0.30270442    0.0000
  2.2715     0.29299785    0.0000
  2.3000     0.28345215    0.0000
  2.3290     0.27407083    0.0000
  2.3583     0.26485712    0.0000
  2.3879     0.25581398    0.0000
  2.4180     0.24694407    0.0000
  2.4484     0.23824981    0.0000
  2.4792     0.22973332    0.0000
  2.5104     0.22139647    0.0000
  2.5420     0.21324086    0.0000
  2.5739     0.20526780    0.0000
  2.6063     0.19747838    0.0000
  2.6391     0.18987343    0.0000
  2.6723     0.18245350    0.0000
  2.7059     0.17521892    0.0000
  2.7400     0.16816980    0.0000
  2.7744     0.16130599    0.0000
  2.8093     0.15462712    0.0000
  2.8447     0.14813262    0.0000
  2.8805     0.14182169    0.0000
  2.9167     0.13569335    0.0000
  2.9534     0.12974640    0.0000
  2.9905     0.12397948    0.0000
  3.0282     0.11839101    0.0000
  3.0663     0.11297929    0.0000
  3.1048     0.10774243    0.0000
  3.1439     0.10267837    0.0000
  3.1834     0.09778494    0.0000
  3.2235     0.09305980    0.0000
  3.2640     0.08850049    0.0000
  3.3051     0.08410445    0.0000
  3.3467     0.07986896    0.0000
  3.3888     0.07579124    0.0000
  3.4314     0.07186839    0.0000
  3.4746     0.06809741    0.0000
  3.5183     0.06447524    0.0000
  3.5625     0.06099874    0.0000
  3.6073     0.05766469    0.0000
  3.6527     0.05446981    0.0000
  3.6987     0.05141080    0.0000
  3.7452     0.04848426    0.0000
  3.7923     0.04568680    0.0000
  3.8400     0.04301498    0.0000
  3.8883     0.04046532    0.0000
  3.9372     0.03803434    0.0000
  3.9868     0.03571855    0.0000
  4.0369     0.03351443    0.0000
  4.0877     0.03141849    0.0000
  4.1391     0.02942723    0.0000
  4.1912     0.02753716    0.0000
  4.2439     0.02574480    0.0000
  4.2973     0.02404672    0.0000
  4.3514     0.02243948    0.0000
  4.4061     0.02091971    0.0000
  4.4615     0.01948404    0.0000
  4.5176     0.01812917    0.0000
  4.5745     0.01685184    0.0000
  4.6320     0.01564883    0.0000
  4.6903     0.01451698    0.0000
  4.7493     0.01345320    0.0000
  4.8090     0.01245444    0.0000
  4.8695     0.01151773    0.0000
  4.9308     0.01064017    0.0000
  4.9928     0.00981891    0.0000
  5.0556     0.00905119    0.0000
  5.1192     0.00833432    0.0000
  5.1836     0.00766570    0.0000
  5.2488     0.00704278    0.0000
  5.3148     0.00646311    0.0000
  5.3817     0.00592433    0.0000
  5.4494     0.00542414    0.0000
  5.5179     0.00496033    0.0000
  5.5873     0.00453077    0.0000
  5.6576     0.00413342    0.0000
  5.7288     0.00376632    0.0000
  5.8009     0.00342760    0.0000
  5.8738     0.00311544    0.0000
  5.9477     0.00282814    0.0000
  6.0225     0.00256406    0.0000
  6.0983     0.00232164    0.0000
  6.1750     0.00209939    0.0000
  6.2527     0.00189591    0.0000
  6.3313     0.00170987    0.0000
  6.4110     0.00154000    0.0000
  6.4916     0.00138510    0.0000
  6.5733     0.00124407    0.0000
  6.6560     0.00111583    0.0000
  6.7397     0.00099940    0.0000
  6.8245     0.00089383    0.0000
  6.9103     0.00079826    0.0000
  6.9972     0.00071186    0.0000
  7.0852     0.00063388    0.0000
  7.1744     0.00056359    0.0000
  7.2646     0.00050033    0.0000
  7.3560     0.00044349    0.0000
  7.4485     0.00039250    0.0000
  7.5422     0.00034683    0.0000
  7.6371     0.00030599    0.0000
  7.7332     0.00026952    0.0000
  7.8304     0.00023701    0.0000
  7.9289     0.00020808    0.0000
  8.0287     0.00018237    0.0000
  8.1297     0.00015958    0.0000
  8.2319     0.00013939    0.0000
  8.3355     0.00012155    0.0000
  8.4403     0.00010580    0.0000
  8.5465     0.00009194    0.0000
  8.6540     0.00007974    0.0000
  8.7629     0.00006904    0.0000
  8.8731     0.00005967    0.0000
  8.9847     0.00005147    0.0000
  9.0977     0.00004432    0.0000
  9.2122     0.00003808    0.0000
  9.3280     0.00003267    0.0000
  9.4454     0.00002796    0.0000
  9.5642     0.00002389    0.0000
  9.6845     0.00002037    0.0000
  9.8063     0.00001733    0.0000
  9.9297     0.00001472    0.0000
 10.0546     0.00001247    0.0000
 10.1810     0.00001055    0.0000
 10.3091     0.00000890    0.0000
 10.4388     0.00000750    0.0000
 10.5701     0.00000630    0.0000
 10.7031     0.00000528    0.0000
 10.8377     0.00000442    0.0000
 10.9740     0.00000369    0.0000
 11.1121     0.00000307    0.0000
 11.2518     0.00000255    0.0000
 11.3934     0.00000211    0.0000
 11.5367     0.00000175    0.0000
 11.6818     0.00000144    0.0000
 11.8287     0.00000119    0.0000
 11.9775     0.00000097    0.0000
 12.1282     0.00000080    0.0000
 12.2808     0.00000065    0.0000
 12.4352     0.00000053    0.0000
 12.5916     0.00000043    0.0000
 12.7500     0.00000035    0.0000
 12.9104     0.00000028    0.0000
 13.0728     0.00000023    0.0000
 13.2373     0.00000018    0.0000
 13.4038     0.00000015    0.0000
 13.5724     0.00000012    0.0000
 13.7431     0.00000009    0.0000
 13.9160     0.00000007    0.0000
 14.0910     0.00000006    0.0000
 14.2682     0.00000005    0.0000
 14.4477     0.00000004    0.0000
 14.6295     0.00000003    0.0000
 14.8135     0.00000002    0.0000
 14.9998     0.00000002    0.0000
 15.1885     0.00000001    0.0000
 15.3795     0.00000001    0.0000
 15.5730     0.00000001    0.0000
 15.7689     0.00000001    0.0000
 15.9672     0.00000000    0.0000
 16.1681     0.00000000    0.0000
 16.3715     0.00000000    0.0000
 16.5774     0.00000000    0.0000
 16.7859     0.00000000    0.0000
 16.9971     0.00000000    0.0000
 17.2109     0.00000000    0.0000
 17.4273     0.00000000    0.0000
 17.6466     0.00000000    0.0000
 17.8685     0.00000000    0.0000
 18.0933     0.00000000    0.0000
 18.3209     0.00000000    0.0000
 18.5513     0.00000000    0.0000
 18.7847     0.00000000    0.0000
 19.0210     0.00000000    0.0000
 19.2602     0.00000000    0.0000
 19.5025     0.00000000    0.0000
 19.7478     0.00000000    0.0000
 19.9962     0.00000000    0.0000
 20.2477     0.00000000    0.0000
 20.5024     0.00000000    0.0000
 20.7603     0.00000000    0.0000
 21.0215     0.00000000    0.0000
 21.2859     0.00000000    0.0000
 21.5536     0.00000000    0.0000
 21.8247     0.00000000    0.0000
 22.0993     0.00000000    0.0000
 22.3772     0.00000000    0.0000
 22.6587     0.00000000    0.0000
 22.9437     0.00000000    0.0000
 23.2323     0.00000000    0.0000
 23.5246     0.00000000    0.0000
 23.8205     0.00000000    0.0000
 24.1201     0.00000000    0.0000
 24.4235     0.00000000    0.0000
 24.7307     0.00000000    0.0000
 25.0418     0.00000000    0.0000
 25.3568     0.00000000    0.0000
 25.6757     0.00000000    0.0000
 25.9987     0.00000000    0.0000
 26.3257     0.00000000    0.0000
 26.6569     0.00000000    0.0000
 26.9922     0.00000000    0.0000
 27.3317     0.00000000    0.0000
 27.6755     0.00000000    0.0000
 28.0236     0.00000000    0.0000
 28.3761     0.00000000    0.0000
 28.7330     0.00000000    0.0000
 29.0945     0.00000000    0.0000
 29.4604     0.00000000    0.0000
 29.8310     0.00000000    0.0000
 30.2062     0.00000000    0.0000
 30.5862     0.00000000    0.0000
 30.9709     0.00000000    0.0000
 31.3605     0.00000000    0.0000
 31.7550     0.00000000    0.0000
 32.1544     0.00000000    0.0000
 32.5588     0.00000000    0.0000
 32.9684     0.00000000    0.0000
 33.3831     0.00000000    0.0000
 33.8030     0.00000000    0.0000
 34.2282     0.00000000    0.0000
 34.6587     0.00000000    0.0000
 35.0947     0.00000000    0.0000
 35.5361     0.00000000    0.0000
 35.9831     0.00000000    0.0000
 36.4357     0.00000000    0.0000
 36.8940     0.00000000    0.0000
 37.3581     0.00000000    0.0000
 37.8280     0.00000000    0.0000
 38.3038     0.00000000    0.0000
 38.7857     0.00000000    0.0000
 39.2735     0.00000000    0.0000
 39.7675     0.00000000    0.0000
 40.2677     0.00000000    0.0000
 40.7743     0.00000000    0.0000
 41.2871     0.00000000    0.0000
