    0.0000038974        0.00000000     0.00000000     0.00000000
    0.0000078437        0.00000000     0.00000000     0.00000000
    0.0000118398        0.00000000     0.00000000     0.00000000
    0.0000158860        0.00000000     0.00000000     0.00000000
    0.0000199832        0.00000000     0.00000000     0.00000000
    0.0000241319        0.00000000     0.00000000     0.00000000
    0.0000283328        0.00000000     0.00000000     0.00000000
    0.0000325866        0.00000000     0.00000000     0.00000000
    0.0000368938        0.00000000     0.00000000     0.00000000
    0.0000412553        0.00000000     0.00000000     0.00000000
    0.0000456715        0.00000001     0.00000000     0.00000000
    0.0000501434        0.00000001     0.00000000     0.00000000
    0.0000546715        0.00000001     0.00000000     0.00000000
    0.0000592565        0.00000001     0.00000000     0.00000000
    0.0000638992        0.00000001     0.00000000     0.00000000
    0.0000686003        0.00000001     0.00000000     0.00000000
    0.0000733606        0.00000001     0.00000000     0.00000000
    0.0000781807        0.00000002     0.00000000     0.00000000
    0.0000830614        0.00000002     0.00000000     0.00000000
    0.0000880036        0.00000002     0.00000000     0.00000000
    0.0000930079        0.00000002     0.00000000     0.00000000
    0.0000980751        0.00000003     0.00000000     0.00000000
    0.0001032061        0.00000003     0.00000000     0.00000000
    0.0001084017        0.00000003     0.00000000     0.00000000
    0.0001136625        0.00000004     0.00000000     0.00000000
    0.0001189896        0.00000004     0.00000000     0.00000000
    0.0001243837        0.00000004     0.00000000     0.00000000
    0.0001298456        0.00000005     0.00000000     0.00000000
    0.0001353762        0.00000005     0.00000000     0.00000000
    0.0001409764        0.00000006     0.00000000     0.00000000
    0.0001466470        0.00000006     0.00000000     0.00000000
    0.0001523889        0.00000006     0.00000000     0.00000000
    0.0001582031        0.00000007     0.00000000     0.00000000
    0.0001640904        0.00000007     0.00000000     0.00000000
    0.0001700518        0.00000008     0.00000000     0.00000000
    0.0001760881        0.00000009     0.00000000     0.00000000
    0.0001822004        0.00000009     0.00000000     0.00000000
    0.0001883896        0.00000010     0.00000000     0.00000000
    0.0001946566        0.00000011     0.00000000     0.00000000
    0.0002010024        0.00000011     0.00000000     0.00000000
    0.0002074281        0.00000012     0.00000000     0.00000000
    0.0002139345        0.00000013     0.00000000     0.00000000
    0.0002205229        0.00000013     0.00000000     0.00000000
    0.0002271941        0.00000014     0.00000000     0.00000000
    0.0002339492        0.00000015     0.00000000     0.00000000
    0.0002407892        0.00000016     0.00000000     0.00000000
    0.0002477154        0.00000017     0.00000000     0.00000000
    0.0002547286        0.00000018     0.00000000     0.00000000
    0.0002618300        0.00000019     0.00000000     0.00000000
    0.0002690208        0.00000020     0.00000000     0.00000000
    0.0002763020        0.00000021     0.00000000     0.00000000
    0.0002836749        0.00000022     0.00000000     0.00000000
    0.0002911404        0.00000024     0.00000000     0.00000000
    0.0002986999        0.00000025     0.00000000     0.00000000
    0.0003063544        0.00000026     0.00000000     0.00000000
    0.0003141052        0.00000027     0.00000000     0.00000000
    0.0003219535        0.00000029     0.00000000     0.00000000
    0.0003299006        0.00000030     0.00000000     0.00000000
    0.0003379476        0.00000032     0.00000000     0.00000000
    0.0003460958        0.00000033     0.00000000     0.00000000
    0.0003543465        0.00000035     0.00000000     0.00000000
    0.0003627010        0.00000036     0.00000000     0.00000000
    0.0003711605        0.00000038     0.00000000     0.00000000
    0.0003797265        0.00000040     0.00000000     0.00000000
    0.0003884003        0.00000042     0.00000000     0.00000000
    0.0003971831        0.00000044     0.00000000     0.00000000
    0.0004060764        0.00000046     0.00000000     0.00000000
    0.0004150816        0.00000048     0.00000000     0.00000000
    0.0004242000        0.00000050     0.00000000     0.00000000
    0.0004334331        0.00000052     0.00000000     0.00000000
    0.0004427824        0.00000054     0.00000000     0.00000000
    0.0004522493        0.00000057     0.00000000     0.00000000
    0.0004618353        0.00000059     0.00000000     0.00000000
    0.0004715418        0.00000062     0.00000000     0.00000000
    0.0004813704        0.00000064     0.00000000     0.00000000
    0.0004913227        0.00000067     0.00000000     0.00000000
    0.0005014001        0.00000070     0.00000000     0.00000000
    0.0005116043        0.00000073     0.00000000     0.00000000
    0.0005219368        0.00000076     0.00000000     0.00000000
    0.0005323994        0.00000079     0.00000000     0.00000000
    0.0005429935        0.00000082     0.00000000     0.00000000
    0.0005537208        0.00000085     0.00000000     0.00000000
    0.0005645832        0.00000088     0.00000000     0.00000000
    0.0005755821        0.00000092     0.00000000     0.00000000
    0.0005867194        0.00000095     0.00000000     0.00000000
    0.0005979968        0.00000099     0.00000000     0.00000000
    0.0006094160        0.00000103     0.00000000     0.00000000
    0.0006209789        0.00000107     0.00000000     0.00000000
    0.0006326872        0.00000111     0.00000000     0.00000000
    0.0006445428        0.00000115     0.00000000     0.00000000
    0.0006565475        0.00000120     0.00000000     0.00000000
    0.0006687032        0.00000124     0.00000000     0.00000000
    0.0006810118        0.00000129     0.00000000     0.00000000
    0.0006934752        0.00000133     0.00000000     0.00000000
    0.0007060954        0.00000138     0.00000000     0.00000000
    0.0007188744        0.00000143     0.00000000     0.00000000
    0.0007318140        0.00000148     0.00000000     0.00000000
    0.0007449165        0.00000154     0.00000000     0.00000000
    0.0007581837        0.00000159     0.00000000     0.00000000
    0.0007716179        0.00000165     0.00000000     0.00000000
    0.0007852210        0.00000171     0.00000000     0.00000000
    0.0007989952        0.00000177     0.00000000     0.00000000
    0.0008129427        0.00000183     0.00000000     0.00000000
    0.0008270656        0.00000190     0.00000000     0.00000000
    0.0008413662        0.00000196     0.00000000     0.00000000
    0.0008558466        0.00000203     0.00000000     0.00000000
    0.0008705092        0.00000210     0.00000000     0.00000000
    0.0008853562        0.00000217     0.00000000     0.00000000
    0.0009003900        0.00000225     0.00000000     0.00000000
    0.0009156129        0.00000232     0.00000000     0.00000000
    0.0009310272        0.00000240     0.00000000     0.00000000
    0.0009466354        0.00000248     0.00000000     0.00000000
    0.0009624400        0.00000257     0.00000000     0.00000000
    0.0009784434        0.00000265     0.00000000     0.00000000
    0.0009946480        0.00000274     0.00000000     0.00000000
    0.0010110565        0.00000283     0.00000000     0.00000000
    0.0010276714        0.00000293     0.00000000     0.00000000
    0.0010444953        0.00000303     0.00000000     0.00000000
    0.0010615308        0.00000312     0.00000000     0.00000000
    0.0010787805        0.00000323     0.00000000     0.00000000
    0.0010962473        0.00000333     0.00000000     0.00000000
    0.0011139337        0.00000344     0.00000000     0.00000000
    0.0011318427        0.00000355     0.00000000     0.00000000
    0.0011499768        0.00000367     0.00000000     0.00000000
    0.0011683391        0.00000378     0.00000000     0.00000000
    0.0011869324        0.00000391     0.00000000     0.00000000
    0.0012057595        0.00000403     0.00000000     0.00000000
    0.0012248235        0.00000416     0.00000000     0.00000000
    0.0012441272        0.00000429     0.00000000     0.00000000
    0.0012636738        0.00000443     0.00000000     0.00000000
    0.0012834662        0.00000457     0.00000000     0.00000000
    0.0013035076        0.00000471     0.00000000     0.00000000
    0.0013238010        0.00000486     0.00000000     0.00000000
    0.0013443497        0.00000501     0.00000000     0.00000000
    0.0013651569        0.00000517     0.00000000     0.00000000
    0.0013862259        0.00000533     0.00000000     0.00000000
    0.0014075598        0.00000549     0.00000000     0.00000000
    0.0014291621        0.00000566     0.00000000     0.00000000
    0.0014510361        0.00000584     0.00000000     0.00000000
    0.0014731852        0.00000602     0.00000000     0.00000000
    0.0014956130        0.00000620     0.00000000     0.00000000
    0.0015183228        0.00000639     0.00000000     0.00000000
    0.0015413183        0.00000659     0.00000000     0.00000000
    0.0015646031        0.00000679     0.00000000     0.00000000
    0.0015881807        0.00000699     0.00000000     0.00000000
    0.0016120549        0.00000721     0.00000000     0.00000000
    0.0016362294        0.00000742     0.00000000     0.00000000
    0.0016607080        0.00000765     0.00000000     0.00000000
    0.0016854945        0.00000788     0.00000000     0.00000000
    0.0017105928        0.00000811     0.00000000     0.00000000
    0.0017360068        0.00000836     0.00000000     0.00000000
    0.0017617404        0.00000861     0.00000000     0.00000000
    0.0017877977        0.00000886     0.00000000     0.00000000
    0.0018141828        0.00000913     0.00000000     0.00000000
    0.0018408998        0.00000940     0.00000000     0.00000000
    0.0018679528        0.00000968     0.00000000     0.00000000
    0.0018953461        0.00000996     0.00000000     0.00000000
    0.0019230840        0.00001026     0.00000000     0.00000000
    0.0019511708        0.00001056     0.00000000     0.00000000
    0.0019796108        0.00001087     0.00000000     0.00000000
    0.0020084086        0.00001119     0.00000000     0.00000000
    0.0020375687        0.00001151     0.00000000     0.00000000
    0.0020670955        0.00001185     0.00000000     0.00000000
    0.0020969937        0.00001219     0.00000000     0.00000000
    0.0021272680        0.00001255     0.00000000     0.00000000
    0.0021579231        0.00001291     0.00000000     0.00000000
    0.0021889638        0.00001329     0.00000000     0.00000000
    0.0022203949        0.00001367     0.00000000     0.00000000
    0.0022522214        0.00001407     0.00000000     0.00000000
    0.0022844482        0.00001447     0.00000000     0.00000000
    0.0023170804        0.00001489     0.00000000     0.00000000
    0.0023501230        0.00001532     0.00000000     0.00000000
    0.0023835813        0.00001576     0.00000000     0.00000000
    0.0024174604        0.00001621     0.00000000     0.00000000
    0.0024517657        0.00001667     0.00000000     0.00000000
    0.0024865025        0.00001715     0.00000000     0.00000000
    0.0025216762        0.00001763     0.00000000     0.00000000
    0.0025572923        0.00001814     0.00000000     0.00000000
    0.0025933564        0.00001865     0.00000000     0.00000000
    0.0026298742        0.00001918     0.00000000     0.00000000
    0.0026668513        0.00001972     0.00000000     0.00000000
    0.0027042935        0.00002028     0.00000000     0.00000000
    0.0027422067        0.00002086     0.00000000     0.00000000
    0.0027805968        0.00002144     0.00000000     0.00000000
    0.0028194697        0.00002205     0.00000000     0.00000000
    0.0028588317        0.00002267     0.00000000     0.00000000
    0.0028986887        0.00002330     0.00000000     0.00000000
    0.0029390471        0.00002396     0.00000000     0.00000000
    0.0029799131        0.00002463     0.00000000     0.00000000
    0.0030212931        0.00002532     0.00000000     0.00000000
    0.0030631937        0.00002603     0.00000000     0.00000000
    0.0031056213        0.00002675     0.00000000     0.00000000
    0.0031485825        0.00002750     0.00000000     0.00000000
    0.0031920842        0.00002826     0.00000001     0.00000000
    0.0032361330        0.00002905     0.00000001     0.00000000
    0.0032807359        0.00002985     0.00000001     0.00000000
    0.0033258999        0.00003068     0.00000001     0.00000000
    0.0033716319        0.00003153     0.00000001     0.00000000
    0.0034179392        0.00003240     0.00000001     0.00000000
    0.0034648289        0.00003330     0.00000001     0.00000000
    0.0035123084        0.00003422     0.00000001     0.00000000
    0.0035603852        0.00003516     0.00000001     0.00000000
    0.0036090667        0.00003613     0.00000001     0.00000000
    0.0036583605        0.00003713     0.00000001     0.00000000
    0.0037082744        0.00003815     0.00000001     0.00000000
    0.0037588161        0.00003919     0.00000001     0.00000000
    0.0038099935        0.00004027     0.00000001     0.00000000
    0.0038618147        0.00004137     0.00000001     0.00000000
    0.0039142877        0.00004251     0.00000001     0.00000000
    0.0039674208        0.00004367     0.00000001     0.00000000
    0.0040212221        0.00004486     0.00000001     0.00000000
    0.0040757002        0.00004608     0.00000001     0.00000000
    0.0041308636        0.00004734     0.00000001     0.00000000
    0.0041867208        0.00004863     0.00000001     0.00000000
    0.0042432806        0.00004996     0.00000002     0.00000000
    0.0043005519        0.00005131     0.00000002     0.00000000
    0.0043585435        0.00005271     0.00000002     0.00000000
    0.0044172646        0.00005414     0.00000002     0.00000000
    0.0044767243        0.00005561     0.00000002     0.00000000
    0.0045369320        0.00005711     0.00000002     0.00000000
    0.0045978969        0.00005866     0.00000002     0.00000000
    0.0046596287        0.00006025     0.00000002     0.00000000
    0.0047221369        0.00006188     0.00000002     0.00000000
    0.0047854315        0.00006355     0.00000003     0.00000000
    0.0048495222        0.00006526     0.00000003     0.00000000
    0.0049144190        0.00006702     0.00000003     0.00000000
    0.0049801321        0.00006883     0.00000003     0.00000000
    0.0050466718        0.00007068     0.00000003     0.00000000
    0.0051140485        0.00007258     0.00000003     0.00000000
    0.0051822727        0.00007453     0.00000003     0.00000000
    0.0052513550        0.00007654     0.00000004     0.00000000
    0.0053213063        0.00007859     0.00000004     0.00000000
    0.0053921374        0.00008070     0.00000004     0.00000000
    0.0054638595        0.00008286     0.00000004     0.00000000
    0.0055364838        0.00008508     0.00000005     0.00000000
    0.0056100215        0.00008736     0.00000005     0.00000000
    0.0056844843        0.00008970     0.00000005     0.00000000
    0.0057598836        0.00009210     0.00000005     0.00000000
    0.0058362314        0.00009456     0.00000006     0.00000000
    0.0059135395        0.00009708     0.00000006     0.00000000
    0.0059918201        0.00009967     0.00000006     0.00000000
    0.0060710852        0.00010233     0.00000007     0.00000000
    0.0061513474        0.00010506     0.00000007     0.00000000
    0.0062326192        0.00010786     0.00000007     0.00000000
    0.0063149133        0.00011073     0.00000008     0.00000000
    0.0063982425        0.00011367     0.00000008     0.00000000
    0.0064826198        0.00011669     0.00000009     0.00000000
    0.0065680585        0.00011980     0.00000009     0.00000000
    0.0066545718        0.00012298     0.00000010     0.00000000
    0.0067421734        0.00012624     0.00000010     0.00000000
    0.0068308769        0.00012959     0.00000011     0.00000000
    0.0069206961        0.00013303     0.00000011     0.00000000
    0.0070116451        0.00013655     0.00000012     0.00000000
    0.0071037381        0.00014017     0.00000012     0.00000000
    0.0071969895        0.00014388     0.00000013     0.00000000
    0.0072914138        0.00014769     0.00000014     0.00000000
    0.0073870259        0.00015159     0.00000014     0.00000000
    0.0074838406        0.00015560     0.00000015     0.00000000
    0.0075818730        0.00015971     0.00000016     0.00000000
    0.0076811386        0.00016393     0.00000017     0.00000000
    0.0077816528        0.00016826     0.00000018     0.00000000
    0.0078834313        0.00017270     0.00000019     0.00000000
    0.0079864900        0.00017726     0.00000020     0.00000000
    0.0080908451        0.00018193     0.00000021     0.00000000
    0.0081965127        0.00018672     0.00000022     0.00000000
    0.0083035095        0.00019164     0.00000023     0.00000000
    0.0084118522        0.00019669     0.00000024     0.00000000
    0.0085215576        0.00020187     0.00000026     0.00000000
    0.0086326430        0.00020718     0.00000027     0.00000000
    0.0087451256        0.00021263     0.00000028     0.00000000
    0.0088590231        0.00021822     0.00000030     0.00000000
    0.0089743533        0.00022395     0.00000031     0.00000000
    0.0090911341        0.00022984     0.00000033     0.00000000
    0.0092093838        0.00023587     0.00000035     0.00000000
    0.0093291210        0.00024206     0.00000037     0.00000000
    0.0094503642        0.00024842     0.00000039     0.00000000
    0.0095731325        0.00025493     0.00000041     0.00000000
    0.0096974451        0.00026162     0.00000043     0.00000000
    0.0098233213        0.00026848     0.00000045     0.00000000
    0.0099507808        0.00027552     0.00000048     0.00000000
    0.0100798436        0.00028274     0.00000050     0.00000000
    0.0102105298        0.00029014     0.00000053     0.00000000
    0.0103428598        0.00029774     0.00000055     0.00000000
    0.0104768543        0.00030554     0.00000058     0.00000000
    0.0106125343        0.00031353     0.00000061     0.00000000
    0.0107499209        0.00032174     0.00000065     0.00000000
    0.0108890356        0.00033015     0.00000068     0.00000000
    0.0110299001        0.00033879     0.00000072     0.00000000
    0.0111725366        0.00034765     0.00000076     0.00000000
    0.0113169671        0.00035674     0.00000079     0.00000000
    0.0114632144        0.00036606     0.00000084     0.00000000
    0.0116113013        0.00037562     0.00000088     0.00000000
    0.0117612508        0.00038544     0.00000093     0.00000000
    0.0119130865        0.00039550     0.00000098     0.00000000
    0.0120668320        0.00040583     0.00000103     0.00000000
    0.0122225114        0.00041643     0.00000108     0.00000000
    0.0123801491        0.00042729     0.00000114     0.00000000
    0.0125397695        0.00043845     0.00000120     0.00000000
    0.0127013978        0.00044989     0.00000126     0.00000000
    0.0128650590        0.00046162     0.00000133     0.00000000
    0.0130307789        0.00047367     0.00000140     0.00000000
    0.0131985833        0.00048602     0.00000147     0.00000000
    0.0133684984        0.00049869     0.00000155     0.00000000
    0.0135405508        0.00051170     0.00000163     0.00000000
    0.0137147673        0.00052504     0.00000171     0.00000000
    0.0138911752        0.00053873     0.00000180     0.00000000
    0.0140698020        0.00055277     0.00000190     0.00000000
    0.0142506757        0.00056717     0.00000200     0.00000000
    0.0144338245        0.00058196     0.00000210     0.00000000
    0.0146192770        0.00059712     0.00000221     0.00000000
    0.0148070622        0.00061268     0.00000233     0.00000000
    0.0149972095        0.00062864     0.00000245     0.00000000
    0.0151897485        0.00064502     0.00000258     0.00000000
    0.0153847094        0.00066182     0.00000271     0.00000000
    0.0155821226        0.00067907     0.00000286     0.00000000
    0.0157820189        0.00069676     0.00000300     0.00000000
    0.0159844296        0.00071491     0.00000316     0.00000000
    0.0161893864        0.00073353     0.00000333     0.00000000
    0.0163969211        0.00075263     0.00000350     0.00000000
    0.0166070664        0.00077224     0.00000368     0.00000000
    0.0168198549        0.00079236     0.00000388     0.00000000
    0.0170353200        0.00081300     0.00000408     0.00000000
    0.0172534953        0.00083418     0.00000429     0.00000000
    0.0174744149        0.00085591     0.00000451     0.00000000
    0.0176981134        0.00087820     0.00000475     0.00000000
    0.0179246256        0.00090109     0.00000500     0.00000000
    0.0181539870        0.00092456     0.00000526     0.00000000
    0.0183862334        0.00094866     0.00000553     0.00000000
    0.0186214011        0.00097338     0.00000582     0.00000000
    0.0188595268        0.00099875     0.00000612     0.00000000
    0.0191006478        0.00102478     0.00000644     0.00000000
    0.0193448018        0.00105149     0.00000678     0.00000000
    0.0195920268        0.00107891     0.00000713     0.00000000
    0.0198423615        0.00110704     0.00000750     0.00000000
    0.0200958450        0.00113591     0.00000789     0.00000000
    0.0203525170        0.00116554     0.00000830     0.00000000
    0.0206124175        0.00119594     0.00000873     0.00000000
    0.0208755872        0.00122715     0.00000919     0.00000000
    0.0211420671        0.00125917     0.00000967     0.00000000
    0.0214118989        0.00129204     0.00001017     0.00000000
    0.0216851248        0.00132577     0.00001070     0.00000000
    0.0219617874        0.00136039     0.00001125     0.00000000
    0.0222419301        0.00139593     0.00001184     0.00000000
    0.0225255965        0.00143240     0.00001245     0.00000000
    0.0228128310        0.00146983     0.00001310     0.00000000
    0.0231036784        0.00150825     0.00001378     0.00000000
    0.0233981843        0.00154769     0.00001449     0.00000000
    0.0236963946        0.00158817     0.00001524     0.00000000
    0.0239983559        0.00162973     0.00001603     0.00000000
    0.0243041154        0.00167238     0.00001687     0.00000000
    0.0246137209        0.00171617     0.00001774     0.00000000
    0.0249272207        0.00176112     0.00001866     0.00000000
    0.0252446639        0.00180726     0.00001963     0.00000000
    0.0255661001        0.00185463     0.00002064     0.00000000
    0.0258915794        0.00190327     0.00002171     0.00000000
    0.0262211527        0.00195319     0.00002284     0.00000000
    0.0265548716        0.00200445     0.00002402     0.00000000
    0.0268927881        0.00205708     0.00002526     0.00000000
    0.0272349551        0.00211112     0.00002657     0.00000000
    0.0275814260        0.00216660     0.00002795     0.00000000
    0.0279322550        0.00222356     0.00002939     0.00000000
    0.0282874969        0.00228206     0.00003091     0.00000000
    0.0286472071        0.00234212     0.00003251     0.00000000
    0.0290114420        0.00240380     0.00003419     0.00000000
    0.0293802584        0.00246714     0.00003596     0.00000000
    0.0297537139        0.00253219     0.00003782     0.00000000
    0.0301318669        0.00259899     0.00003978     0.00000000
    0.0305147765        0.00266759     0.00004183     0.00000000
    0.0309025025        0.00273805     0.00004399     0.00000000
    0.0312951055        0.00281042     0.00004626     0.00000000
    0.0316926468        0.00288475     0.00004865     0.00000000
    0.0320951886        0.00296110     0.00005117     0.00000000
    0.0325027937        0.00303952     0.00005381     0.00000000
    0.0329155259        0.00312009     0.00005658     0.00000000
    0.0333334496        0.00320284     0.00005950     0.00000000
    0.0337566301        0.00328786     0.00006257     0.00000000
    0.0341851336        0.00337521     0.00006580     0.00000000
    0.0346190270        0.00346494     0.00006919     0.00000000
    0.0350583781        0.00355714     0.00007276     0.00000000
    0.0355032556        0.00365188     0.00007651     0.00000000
    0.0359537289        0.00374922     0.00008045     0.00000000
    0.0364098685        0.00384925     0.00008460     0.00000000
    0.0368717456        0.00395204     0.00008896     0.00000000
    0.0373394325        0.00405767     0.00009354     0.00000000
    0.0378130021        0.00416624     0.00009836     0.00000000
    0.0382925284        0.00427782     0.00010342     0.00000000
    0.0387780865        0.00439250     0.00010874     0.00000000
    0.0392697522        0.00451038     0.00011434     0.00000000
    0.0397676022        0.00463156     0.00012022     0.00000000
    0.0402717144        0.00475612     0.00012641     0.00000000
    0.0407821676        0.00488418     0.00013291     0.00000000
    0.0412990414        0.00501584     0.00013974     0.00000000
    0.0418224168        0.00515120     0.00014692     0.00000000
    0.0423523754        0.00529039     0.00015447     0.00000000
    0.0428890001        0.00543351     0.00016241     0.00000000
    0.0434323746        0.00558068     0.00017075     0.00000000
    0.0439825840        0.00573204     0.00017952     0.00000000
    0.0445397142        0.00588771     0.00018874     0.00000000
    0.0451038521        0.00604781     0.00019843     0.00000000
    0.0456750861        0.00621249     0.00020862     0.00000000
    0.0462535053        0.00638190     0.00021932     0.00000000
    0.0468392002        0.00655617     0.00023057     0.00000000
    0.0474322621        0.00673546     0.00024240     0.00000000
    0.0480327839        0.00691993     0.00025482     0.00000000
    0.0486408593        0.00710973     0.00026789     0.00000000
    0.0492565834        0.00730505     0.00028161     0.00000000
    0.0498800523        0.00750604     0.00029604     0.00000000
    0.0505113634        0.00771290     0.00031121     0.00000000
    0.0511506155        0.00792580     0.00032714     0.00000000
    0.0517979084        0.00814495     0.00034389     0.00000000
    0.0524533433        0.00837054     0.00036149     0.00000000
    0.0531170225        0.00860278     0.00037998     0.00000000
    0.0537890497        0.00884188     0.00039942     0.00000000
    0.0544695300        0.00908807     0.00041984     0.00000000
    0.0551585697        0.00934158     0.00044131     0.00000000
    0.0558562765        0.00960265     0.00046386     0.00000000
    0.0565627593        0.00987153     0.00048756     0.00000000
    0.0572781286        0.01014846     0.00051246     0.00000000
    0.0580024961        0.01043372     0.00053863     0.00000000
    0.0587359751        0.01072759     0.00056612     0.00000000
    0.0594786800        0.01103035     0.00059501     0.00000000
    0.0602307271        0.01134229     0.00062536     0.00000000
    0.0609922337        0.01166373     0.00065725     0.00000000
    0.0617633190        0.01199499     0.00069075     0.00000000
    0.0625441032        0.01233638     0.00072595     0.00000000
    0.0633347086        0.01268827     0.00076293     0.00000000
    0.0641352585        0.01305101     0.00080178     0.00000000
    0.0649458781        0.01342495     0.00084259     0.00000000
    0.0657666940        0.01381050     0.00088546     0.00000000
    0.0665978345        0.01420805     0.00093050     0.00000000
    0.0674394295        0.01461801     0.00097781     0.00000000
    0.0682916105        0.01504081     0.00102751     0.00000000
    0.0691545106        0.01547689     0.00107971     0.00000000
    0.0700282646        0.01592673     0.00113454     0.00000000
    0.0709130091        0.01639079     0.00119213     0.00000000
    0.0718088823        0.01686959     0.00125262     0.00000000
    0.0727160242        0.01736363     0.00131615     0.00000000
    0.0736345765        0.01787346     0.00138288     0.00000000
    0.0745646828        0.01839964     0.00145295     0.00000000
    0.0755064884        0.01894275     0.00152654     0.00000000
    0.0764601405        0.01950338     0.00160382     0.00000000
    0.0774257880        0.02008218     0.00168498     0.00000000
    0.0784035819        0.02067979     0.00177019     0.00000000
    0.0793936749        0.02129689     0.00185968     0.00000000
    0.0803962218        0.02193418     0.00195363     0.00000000
    0.0814113791        0.02259240     0.00205229     0.00000000
    0.0824393056        0.02327231     0.00215586     0.00000000
    0.0834801617        0.02397469     0.00226461     0.00000000
    0.0845341103        0.02470037     0.00237877     0.00000000
    0.0856013158        0.02545021     0.00249862     0.00000000
    0.0866819452        0.02622509     0.00262444     0.00000000
    0.0877761672        0.02702595     0.00275650     0.00000000
    0.0888841528        0.02785373     0.00289513     0.00000000
    0.0900060752        0.02870943     0.00304064     0.00000000
    0.0911421096        0.02959411     0.00319336     0.00000000
    0.0922924336        0.03050883     0.00335365     0.00000000
    0.0934572268        0.03145472     0.00352187     0.00000000
    0.0946366714        0.03243295     0.00369840     0.00000000
    0.0958309515        0.03344474     0.00388364     0.00000000
    0.0970402539        0.03449134     0.00407803     0.00000000
    0.0982647674        0.03557407     0.00428199     0.00000000
    0.0995046833        0.03669430     0.00449598     0.00000000
    0.1007601955        0.03785344     0.00472050     0.00000000
    0.1020315001        0.03905299     0.00495603     0.00000000
    0.1033187958        0.04029446     0.00520312     0.00000000
    0.1046222836        0.04157946     0.00546230     0.00000000
    0.1059421673        0.04290966     0.00573416     0.00000000
    0.1072786530        0.04428678     0.00601930     0.00000000
    0.1086319497        0.04571261     0.00631834     0.00000000
    0.1100022688        0.04718903     0.00663194     0.00000000
    0.1113898244        0.04871798     0.00696080     0.00000000
    0.1127948332        0.05030147     0.00730563     0.00000000
    0.1142175149        0.05194162     0.00766717     0.00000000
    0.1156580918        0.05364059     0.00804621     0.00000000
    0.1171167888        0.05540067     0.00844358     0.00000000
    0.1185938340        0.05722420     0.00886011     0.00000000
    0.1200894582        0.05911365     0.00929671     0.00000000
    0.1216038950        0.06107155     0.00975430     0.00000000
    0.1231373810        0.06310056     0.01023386     0.00000000
    0.1246901560        0.06520343     0.01073638     0.00000000
    0.1262624624        0.06738302     0.01126294     0.00000000
    0.1278545460        0.06964229     0.01181462     0.00000000
    0.1294666556        0.07198434     0.01239258     0.00000000
    0.1310990430        0.07441235     0.01299800     0.00000000
    0.1327519633        0.07692967     0.01363214     0.00000000
    0.1344256748        0.07953974     0.01429628     0.00000000
    0.1361204390        0.08224614     0.01499178     0.00000000
    0.1378365207        0.08505261     0.01572004     0.00000000
    0.1395741881        0.08796300     0.01648253     0.00000000
    0.1413337126        0.09098131     0.01728075     0.00000000
    0.1431153692        0.09411170     0.01811630     0.00000000
    0.1449194363        0.09735849     0.01899082     0.00000000
    0.1467461958        0.10072614     0.01990602     0.00000000
    0.1485959331        0.10421928     0.02086366     0.00000000
    0.1504689372        0.10784272     0.02186560     0.00000000
    0.1523655007        0.11160143     0.02291375     0.00000000
    0.1542859202        0.11550057     0.02401009     0.00000000
    0.1562304955        0.11954547     0.02515669     0.00000000
    0.1581995306        0.12374166     0.02635567     0.00000000
    0.1601933331        0.12809485     0.02760926     0.00000000
    0.1622122145        0.13261097     0.02891974     0.00000000
    0.1642564903        0.13729613     0.03028950     0.00000000
    0.1663264800        0.14215666     0.03172099     0.00000000
    0.1684225069        0.14719911     0.03321675     0.00000000
    0.1705448986        0.15243023     0.03477942     0.00000000
    0.1726939867        0.15785699     0.03641171     0.00000000
    0.1748701070        0.16348661     0.03811643     0.00000000
    0.1770735996        0.16932651     0.03989648     0.00000000
    0.1793048086        0.17538438     0.04175484     0.00000000
    0.1815640828        0.18166810     0.04369460     0.00000000
    0.1838517752        0.18818583     0.04571894     0.00000000
    0.1861682432        0.19494597     0.04783111     0.00000000
    0.1885138488        0.20195714     0.05003450     0.00000000
    0.1908889584        0.20922823     0.05233255     0.00000000
    0.1932939433        0.21676838     0.05472882     0.00000000
    0.1957291792        0.22458698     0.05722695     0.00000000
    0.1981950465        0.23269367     0.05983069     0.00000000
    0.2006919307        0.24109834     0.06254386     0.00000000
    0.2032202217        0.24981114     0.06537039     0.00000000
    0.2057803148        0.25884246     0.06831429     0.00000000
    0.2083726099        0.26820295     0.07137966     0.00000000
    0.2109975120        0.27790351     0.07457068     0.00000000
    0.2136554314        0.28795527     0.07789161     0.00000000
    0.2163467832        0.29836961     0.08134679     0.00000000
    0.2190719881        0.30915812     0.08494064     0.00000000
    0.2218314718        0.32033264     0.08867763     0.00000000
    0.2246256656        0.33190521     0.09256231     0.00000000
    0.2274550060        0.34388810     0.09659926     0.00000000
    0.2303199352        0.35629375     0.10079315     0.00000000
    0.2332209007        0.36913479     0.10514865     0.00000000
    0.2361583558        0.38242405     0.10967049     0.00000000
    0.2391327596        0.39617448     0.11436340     0.00000000
    0.2421445768        0.41039918     0.11923214     0.00000000
    0.2451942780        0.42511139     0.12428146     0.00000000
    0.2482823397        0.44032441     0.12951612     0.00000000
    0.2514092444        0.45605165     0.13494083     0.00000000
    0.2545754808        0.47230656     0.14056028     0.00000000
    0.2577815435        0.48910262     0.14637908     0.00000000
    0.2610279335        0.50645331     0.15240182     0.00000000
    0.2643151581        0.52437206     0.15863294     0.00000000
    0.2676437308        0.54287226     0.16507682     0.00000000
    0.2710141719        0.56196716     0.17173770     0.00000000
    0.2744270079        0.58166992     0.17861968     0.00000000
    0.2778827720        0.60199347     0.18572666     0.00000000
    0.2813820044        0.62295055     0.19306239     0.00000000
    0.2849252516        0.64455363     0.20063037     0.00000000
    0.2885130675        0.66681485     0.20843388     0.00000000
    0.2921460125        0.68974599     0.21647592     0.00000000
    0.2958246543        0.71335843     0.22475920     0.00000000
    0.2995495677        0.73766306     0.23328609     0.00000000
    0.3033213348        0.76267026     0.24205861     0.00000000
    0.3071405449        0.78838982     0.25107841     0.00000000
    0.3110077947        0.81483089     0.26034671     0.00000000
    0.3149236885        0.84200191     0.26986426     0.00000000
    0.3188888382        0.86991055     0.27963138     0.00000000
    0.3229038634        0.89856365     0.28964782     0.00000000
    0.3269693913        0.92796717     0.29991283     0.00000000
    0.3310860574        0.95812609     0.31042504     0.00000000
    0.3352545046        0.98904436     0.32118249     0.00000000
    0.3394753845        1.02072483     0.33218257     0.00000000
    0.3437493566        1.05316921     0.34342199     0.00000000
    0.3480770885        1.08637796     0.35489675     0.00000000
    0.3524592567        1.12035026     0.36660213     0.00000000
    0.3568965457        1.15508394     0.37853261     0.00000000
    0.3613896490        1.19057541     0.39068191     0.00000000
    0.3659392685        1.22681961     0.40304293     0.00000000
    0.3705461153        1.26380994     0.41560771     0.00000000
    0.3752109090        1.30153824     0.42836746     0.00000000
    0.3799343786        1.33999472     0.44131251     0.00000000
    0.3847172621        1.37916793     0.45443230     0.00000000
    0.3895603069        1.41904469     0.46771538     0.00000000
    0.3944642697        1.45961012     0.48114943     0.00000000
    0.3994299167        1.50084755     0.49472122     0.00000000
    0.4044580240        1.54273854     0.50841662     0.00000000
    0.4095493770        1.58526288     0.52222067     0.00000000
    0.4147047713        1.62839852     0.53611751     0.00000000
    0.4199250125        1.67212167     0.55009049     0.00000000
    0.4252109163        1.71640673     0.56412214     0.00000000
    0.4305633086        1.76122635     0.57819425     0.00000000
    0.4359830257        1.80655144     0.59228787     0.00000000
    0.4414709144        1.85235124     0.60638341     0.00000000
    0.4470278322        1.89859330     0.62046068     0.00000000
    0.4526546475        1.94524361     0.63449894     0.00000000
    0.4583522394        1.99226659     0.64847700     0.00000000
    0.4641214982        2.03962518     0.66237327     0.00000000
    0.4699633254        2.08728093     0.67616589     0.00000000
    0.4758786336        2.13519404     0.68983280     0.00000000
    0.4818683473        2.18332346     0.70335182     0.00000000
    0.4879334023        2.23162696     0.71670080     0.00000000
    0.4940747463        2.28006123     0.72985768     0.00000000
    0.5002933390        2.32858193     0.74280066     0.00000000
    0.5065901518        2.37714379     0.75550827     0.00000000
    0.5129661689        2.42570070     0.76795952     0.00000000
    0.5194223863        2.47420573     0.78013400     0.00000000
    0.5259598130        2.52261126     0.79201202     0.00000000
    0.5325794704        2.57086900     0.80357472     0.00000000
    0.5392823928        2.61893003     0.81480419     0.00000000
    0.5460696276        2.66674486     0.82568357     0.00000000
    0.5529422353        2.71426343     0.83619720     0.00000000
    0.5599012898        2.76143517     0.84633069     0.00000000
    0.5669478784        2.80820892     0.85607101     0.00000000
    0.5740831021        2.85453300     0.86540660     0.00000000
    0.5813080760        2.90035512     0.87432742     0.00000000
    0.5886239288        2.94562237     0.88282503     0.00000000
    0.5960318037        2.99028117     0.89089264     0.00000000
    0.6035328582        3.03427720     0.89852512     0.00000000
    0.6111282644        3.07755533     0.90571907     0.00000000
    0.6188192090        3.12005959     0.91247274     0.00000000
    0.6266068938        3.16173304     0.91878611     0.00000000
    0.6344925356        3.20251774     0.92466077     0.00000000
    0.6424773666        3.24235470     0.93009993     0.00000000
    0.6505626344        3.28118381     0.93510831     0.00000000
    0.6587496023        3.31894383     0.93969205     0.00000000
    0.6670395496        3.35557241     0.94385865     0.00000000
    0.6754337716        3.39100606     0.94761675     0.00000000
    0.6839335799        3.42518028     0.95097606     0.00000000
    0.6925403027        3.45802960     0.95394718     0.00000000
    0.7012552847        3.48948778     0.95654138     0.00000000
    0.7100798877        3.51948797     0.95877045     0.00000000
    0.7190154905        3.54796294     0.96064648     0.00000000
    0.7280634893        3.57484539     0.96218161     0.00000000
    0.7372252980        3.60006828     0.96338786     0.00000000
    0.7465023481        3.62356522     0.96427685     0.00000000
    0.7558960890        3.64527088     0.96485959     0.00000000
    0.7654079887        3.66512148     0.96514624     0.00000000
    0.7750395334        3.68305528     0.96514589     0.00000000
    0.7847922279        3.69901306     0.96486635     0.00000000
    0.7946675963        3.71293873     0.96431392     0.00000000
    0.8046671815        3.72477980     0.96349328     0.00000000
    0.8147925460        3.73448794     0.96240728     0.00000000
    0.8250452719        3.74201948     0.96105686     0.00000000
    0.8354269613        3.74733589     0.95944099     0.00000000
    0.8459392362        3.75040425     0.95755665     0.00000000
    0.8565837392        3.75119759     0.95539887     0.00000000
    0.8673621336        3.74969529     0.95296083     0.00000000
    0.8782761036        3.74588335     0.95023410     0.00000000
    0.8893273543        3.73975458     0.94720882     0.00000000
    0.9005176127        3.73130881     0.94387411     0.00000000
    0.9118486272        3.72055294     0.94021849     0.00000000
    0.9233221683        3.70750099     0.93623031     0.00000000
    0.9349400289        3.69217405     0.93189839     0.00000000
    0.9467040241        3.67460012     0.92721257     0.00000000
    0.9586159921        3.65481386     0.92216435     0.00000000
    0.9706777943        3.63285627     0.91674744     0.00000000
    0.9828913152        3.60877410     0.91095829     0.00000000
    0.9952584634        3.58261915     0.90479637     0.00000000
    1.0077811711        3.55444718     0.89826428     0.00000000
    1.0204613950        3.52431649     0.89136739     0.00000000
    1.0333011166        3.49228612     0.88411301     0.00000000
    1.0463023420        3.45841423     0.87650932     0.00000000
    1.0594671027        3.42275872     0.86856488     0.00000000
    1.0727974556        3.38537970     0.86028878     0.00000000
    1.0862954838        3.34634006     0.85169051     0.00000000
    1.0999632963        3.30570482     0.84277994     0.00000000
    1.1138030286        3.26354138     0.83356732     0.00000000
    1.1278168434        3.21991916     0.82406327     0.00000000
    1.1420069303        3.17490945     0.81427872     0.00000000
    1.1563755065        3.12858519     0.80422492     0.00000000
    1.1709248171        3.08102081     0.79391338     0.00000000
    1.1856571355        3.03229198     0.78335592     0.00000000
    1.2005747637        2.98247543     0.77256454     0.00000000
    1.2156800325        2.93164876     0.76155148     0.00000000
    1.2309753023        2.87989022     0.75032919     0.00000000
    1.2464629628        2.82727849     0.73891023     0.00000000
    1.2621454342        2.77389254     0.72730734     0.00000000
    1.2780251667        2.71981137     0.71553335     0.00000000
    1.2941046417        2.66511386     0.70360120     0.00000000
    1.3103863716        2.60987856     0.69152388     0.00000000
    1.3268729004        2.55418353     0.67931441     0.00000000
    1.3435668042        2.49810611     0.66698586     0.00000000
    1.3604706915        2.44172280     0.65455125     0.00000000
    1.3775872036        2.38510906     0.64202360     0.00000000
    1.3949190148        2.32833919     0.62941586     0.00000000
    1.4124688334        2.27148610     0.61674092     0.00000000
    1.4302394015        2.21462123     0.60401156     0.00000000
    1.4482334959        2.15781441     0.59124043     0.00000000
    1.4664539281        2.10113367     0.57844008     0.00000000
    1.4849035451        2.04464518     0.56562285     0.00000000
    1.5035852298        1.98841311     0.55280094     0.00000000
    1.5225019011        1.93249952     0.53998633     0.00000000
    1.5416565148        1.87696427     0.52719079     0.00000000
    1.5610520639        1.82186492     0.51442587     0.00000000
    1.5806915790        1.76725669     0.50170284     0.00000000
    1.6005781288        1.71319234     0.48903273     0.00000000
    1.6207148206        1.65972212     0.47642629     0.00000000
    1.6411048008        1.60689375     0.46389396     0.00000000
    1.6617512554        1.55475235     0.45144588     0.00000000
    1.6826574104        1.50334041     0.43909188     0.00000000
    1.7038265324        1.45269776     0.42684143     0.00000000
    1.7252619292        1.40286156     0.41470368     0.00000000
    1.7469669502        1.35386630     0.40268743     0.00000000
    1.7689449866        1.30574377     0.39080111     0.00000000
    1.7911994728        1.25852310     0.37905277     0.00000000
    1.8137338859        1.21223077     0.36745010     0.00000000
    1.8365517471        1.16689061     0.35600040     0.00000000
    1.8596566216        1.12252383     0.34471058     0.00000000
    1.8830521196        1.07914910     0.33358716     0.00000000
    1.9067418968        1.03678256     0.32263625     0.00000000
    1.9307296547        0.99543784     0.31186358     0.00000000
    1.9550191415        0.95512617     0.30127446     0.00000000
    1.9796141524        0.91585644     0.29087380     0.00000000
    2.0045185304        0.87763520     0.28066612     0.00000000
    2.0297361670        0.84046679     0.27065552     0.00000000
    2.0552710024        0.80435343     0.26084572     0.00000000
    2.0811270264        0.76929521     0.25124002     0.00000000
    2.1073082792        0.73529029     0.24184133     0.00000000
    2.1338188517        0.70233487     0.23265219     0.00000000
    2.1606628860        0.67042338     0.22367474     0.00000000
    2.1878445768        0.63954851     0.21491074     0.00000000
    2.2153681712        0.60970131     0.20636158     0.00000000
    2.2432379697        0.58087129     0.19802829     0.00000000
    2.2714583272        0.55304654     0.18991154     0.00000000
    2.3000336530        0.52621379     0.18201167     0.00000000
    2.3289684122        0.50035852     0.17432866     0.00000000
    2.3582671259        0.47546506     0.16686218     0.00000000
    2.3879343720        0.45151670     0.15961159     0.00000000
    2.4179747861        0.42849575     0.15257594     0.00000000
    2.4483930622        0.40638365     0.14575398     0.00000000
    2.4791939530        0.38516109     0.13914421     0.00000000
    2.5103822714        0.36480806     0.13274485     0.00000000
    2.5419628905        0.34530396     0.12655386     0.00000000
    2.5739407449        0.32662768     0.12056898     0.00000000
    2.6063208312        0.30875770     0.11478772     0.00000000
    2.6391082088        0.29167214     0.10920738     0.00000000
    2.6723080009        0.27534885     0.10382506     0.00000000
    2.7059253949        0.25976551     0.09863770     0.00000000
    2.7399656437        0.24489966     0.09364204     0.00000000
    2.7744340662        0.23072877     0.08883470     0.00000000
    2.8093360480        0.21723036     0.08421213     0.00000000
    2.8446770427        0.20438197     0.07977067     0.00000000
    2.8804625724        0.19216129     0.07550655     0.00000000
    2.9166982286        0.18054617     0.07141589     0.00000000
    2.9533896733        0.16951468     0.06749472     0.00000000
    2.9905426395        0.15904516     0.06373901     0.00000000
    3.0281629326        0.14911624     0.06014465     0.00000000
    3.0662564306        0.13970689     0.05670749     0.00000000
    3.1048290859        0.13079647     0.05342331     0.00000000
    3.1438869255        0.12236472     0.05028790     0.00000000
    3.1834360522        0.11439179     0.04729700     0.00000000
    3.2234826456        0.10685830     0.04444634     0.00000000
    3.2640329632        0.09974531     0.04173166     0.00000000
    3.3050933410        0.09303439     0.03914868     0.00000000
    3.3466701948        0.08670757     0.03669315     0.00000000
    3.3887700211        0.08074740     0.03436084     0.00000000
    3.4313993979        0.07513692     0.03214756     0.00000000
    3.4745649863        0.06985971     0.03004911     0.00000000
    3.5182735310        0.06489984     0.02806138     0.00000000
    3.5625318614        0.06024191     0.02618027     0.00000000
    3.6073468932        0.05587104     0.02440174     0.00000000
    3.6527256286        0.05177286     0.02272182     0.00000000
    3.6986751583        0.04793352     0.02113659     0.00000000
    3.7452026619        0.04433965     0.01964219     0.00000000
    3.7923154095        0.04097842     0.01823482     0.00000000
    3.8400207624        0.03783744     0.01691078     0.00000000
    3.8883261748        0.03490486     0.01566642     0.00000000
    3.9372391946        0.03216927     0.01449818     0.00000000
    3.9867674643        0.02961974     0.01340257     0.00000000
    4.0369187231        0.02724578     0.01237620     0.00000000
    4.0877008069        0.02503736     0.01141575     0.00000000
    4.1391216508        0.02298490     0.01051799     0.00000000
    4.1911892893        0.02107920     0.00967979     0.00000000
    4.2439118580        0.01931153     0.00889810     0.00000000
    4.2972975950        0.01767350     0.00816996     0.00000000
    4.3513548419        0.01615717     0.00749252     0.00000000
    4.4060920453        0.01475494     0.00686299     0.00000000
    4.4615177579        0.01345958     0.00627872     0.00000000
    4.5176406402        0.01226424     0.00573711     0.00000000
    4.5744694614        0.01116239     0.00523568     0.00000000
    4.6320131012        0.01014784     0.00477206     0.00000000
    4.6902805509        0.00921473     0.00434393     0.00000000
    4.7492809149        0.00835751     0.00394909     0.00000000
    4.8090234121        0.00757092     0.00358545     0.00000000
    4.8695173774        0.00685000     0.00325099     0.00000000
    4.9307722631        0.00619005     0.00294378     0.00000000
    4.9927976405        0.00558667     0.00266199     0.00000000
    5.0556032010        0.00503568     0.00240387     0.00000000
    5.1191987582        0.00453318     0.00216778     0.00000000
    5.1835942491        0.00407548     0.00195214     0.00000000
    5.2487997355        0.00365913     0.00175545     0.00000000
    5.3148254060        0.00328089     0.00157633     0.00000000
    5.3816815772        0.00293775     0.00141343     0.00000000
    5.4493786954        0.00262685     0.00126551     0.00000000
    5.5179273386        0.00234557     0.00113139     0.00000000
    5.5873382176        0.00209144     0.00100998     0.00000000
    5.6576221780        0.00186216     0.00090023     0.00000000
    5.7287902018        0.00165560     0.00080118     0.00000000
    5.8008534091        0.00146979     0.00071192     0.00000000
    5.8738230599        0.00130287     0.00063162     0.00000000
    5.9477105560        0.00115317     0.00055950     0.00000000
    6.0225274424        0.00101910     0.00049482     0.00000000
    6.0982854093        0.00089922     0.00043691     0.00000000
    6.1749962942        0.00079220     0.00038515     0.00000000
    6.2526720832        0.00069680     0.00033896     0.00000000
    6.3313249133        0.00061190     0.00029782     0.00000000
    6.4109670743        0.00053647     0.00026123     0.00000000
    6.4916110103        0.00046956     0.00022874     0.00000000
    6.5732693222        0.00041031     0.00019995     0.00000000
    6.6559547692        0.00035793     0.00017448     0.00000000
    6.7396802711        0.00031170     0.00015199     0.00000000
    6.8244589101        0.00027097     0.00013216     0.00000000
    6.9103039332        0.00023515     0.00011471     0.00000000
    6.9972287537        0.00020370     0.00009939     0.00000000
    7.0852469538        0.00017614     0.00008595     0.00000000
    7.1743722867        0.00015203     0.00007419     0.00000000
    7.2646186782        0.00013098     0.00006393     0.00000000
    7.3560002295        0.00011263     0.00005497     0.00000000
    7.4485312193        0.00009667     0.00004718     0.00000000
    7.5422261056        0.00008281     0.00004042     0.00000000
    7.6370995286        0.00007081     0.00003456     0.00000000
    7.7331663123        0.00006042     0.00002949     0.00000000
    7.8304414673        0.00005146     0.00002511     0.00000000
    7.9289401932        0.00004374     0.00002134     0.00000000
    8.0286778806        0.00003710     0.00001810     0.00000000
    8.1296701136        0.00003140     0.00001532     0.00000000
    8.2319326725        0.00002652     0.00001294     0.00000000
    8.3354815361        0.00002236     0.00001090     0.00000000
    8.4403328840        0.00001881     0.00000917     0.00000000
    8.5465030995        0.00001578     0.00000769     0.00000000
    8.6540087720        0.00001322     0.00000644     0.00000000
    8.7628666993        0.00001105     0.00000538     0.00000000
    8.8730938908        0.00000921     0.00000449     0.00000000
    8.9847075697        0.00000766     0.00000373     0.00000000
    9.0977251758        0.00000636     0.00000310     0.00000000
    9.2121643684        0.00000527     0.00000256     0.00000000
    9.3280430289        0.00000435     0.00000212     0.00000000
    9.4453792634        0.00000359     0.00000174     0.00000000
    9.5641914061        0.00000295     0.00000143     0.00000000
    9.6844980216        0.00000242     0.00000118     0.00000000
    9.8063179081        0.00000198     0.00000096     0.00000000
    9.9296701000        0.00000161     0.00000078     0.00000000
   10.0545738715        0.00000131     0.00000064     0.00000000
   10.1810487391        0.00000107     0.00000052     0.00000000
   10.3091144647        0.00000086     0.00000042     0.00000000
   10.4387910587        0.00000070     0.00000034     0.00000000
   10.5700987836        0.00000056     0.00000027     0.00000000
   10.7030581563        0.00000045     0.00000022     0.00000000
   10.8376899520        0.00000036     0.00000018     0.00000000
   10.9740152072        0.00000029     0.00000014     0.00000000
   11.1120552230        0.00000023     0.00000011     0.00000000
   11.2518315685        0.00000018     0.00000009     0.00000000
   11.3933660840        0.00000015     0.00000007     0.00000000
   11.5366808846        0.00000011     0.00000006     0.00000000
   11.6817983634        0.00000009     0.00000004     0.00000000
   11.8287411953        0.00000007     0.00000003     0.00000000
   11.9775323406        0.00000006     0.00000003     0.00000000
   12.1281950481        0.00000004     0.00000002     0.00000000
   12.2807528591        0.00000003     0.00000002     0.00000000
   12.4352296112        0.00000003     0.00000001     0.00000000
   12.5916494416        0.00000002     0.00000001     0.00000000
   12.7500367913        0.00000002     0.00000001     0.00000000
   12.9104164086        0.00000001     0.00000001     0.00000000
   13.0728133531        0.00000001     0.00000000     0.00000000
   13.2372529997        0.00000001     0.00000000     0.00000000
   13.4037610425        0.00000001     0.00000000     0.00000000
   13.5723634986        0.00000000     0.00000000     0.00000000
   13.7430867125        0.00000000     0.00000000     0.00000000
   13.9159573601        0.00000000     0.00000000     0.00000000
   14.0910024527        0.00000000     0.00000000     0.00000000
   14.2682493416        0.00000000     0.00000000     0.00000000
   14.4477257219        0.00000000     0.00000000     0.00000000
   14.6294596371        0.00000000     0.00000000     0.00000000
   14.8134794836        0.00000000     0.00000000     0.00000000
   14.9998140148        0.00000000     0.00000000     0.00000000
   15.1884923458        0.00000000     0.00000000     0.00000000
   15.3795439581        0.00000000     0.00000000     0.00000000
   15.5729987039        0.00000000     0.00000000     0.00000000
   15.7688868108        0.00000000     0.00000000     0.00000000
   15.9672388867        0.00000000     0.00000000     0.00000000
   16.1680859247        0.00000000     0.00000000     0.00000000
   16.3714593073        0.00000000     0.00000000     0.00000000
   16.5773908122        0.00000000     0.00000000     0.00000000
   16.7859126166        0.00000000     0.00000000     0.00000000
   16.9970573024        0.00000000     0.00000000     0.00000000
   17.2108578613        0.00000000     0.00000000     0.00000000
   17.4273477003        0.00000000     0.00000000     0.00000000
   17.6465606462        0.00000000     0.00000000     0.00000000
   17.8685309515        0.00000000     0.00000000     0.00000000
   18.0932932995        0.00000000     0.00000000     0.00000000
   18.3208828098        0.00000000     0.00000000     0.00000000
   18.5513350438        0.00000000     0.00000000     0.00000000
   18.7846860100        0.00000000     0.00000000     0.00000000
   19.0209721701        0.00000000     0.00000000     0.00000000
   19.2602304441        0.00000000     0.00000000     0.00000000
   19.5024982168        0.00000000     0.00000000     0.00000000
   19.7478133429        0.00000000     0.00000000     0.00000000
   19.9962141534        0.00000000     0.00000000     0.00000000
   20.2477394615        0.00000000     0.00000000     0.00000000
   20.5024285685        0.00000000     0.00000000     0.00000000
   20.7603212700        0.00000000     0.00000000     0.00000000
   21.0214578625        0.00000000     0.00000000     0.00000000
   21.2858791489        0.00000000     0.00000000     0.00000000
   21.5536264456        0.00000000     0.00000000     0.00000000
   21.8247415887        0.00000000     0.00000000     0.00000000
   22.0992669405        0.00000000     0.00000000     0.00000000
   22.3772453962        0.00000000     0.00000000     0.00000000
   22.6587203904        0.00000000     0.00000000     0.00000000
   22.9437359041        0.00000000     0.00000000     0.00000000
   23.2323364717        0.00000000     0.00000000     0.00000000
   23.5245671876        0.00000000     0.00000000     0.00000000
   23.8204737133        0.00000000     0.00000000     0.00000000
   24.1201022849        0.00000000     0.00000000     0.00000000
   24.4234997200        0.00000000     0.00000000     0.00000000
   24.7307134251        0.00000000     0.00000000     0.00000000
   25.0417914028        0.00000000     0.00000000     0.00000000
   25.3567822598        0.00000000     0.00000000     0.00000000
   25.6757352141        0.00000000     0.00000000     0.00000000
   25.9987001026        0.00000000     0.00000000     0.00000000
   26.3257273893        0.00000000     0.00000000     0.00000000
   26.6568681729        0.00000000     0.00000000     0.00000000
   26.9921741948        0.00000000     0.00000000     0.00000000
   27.3316978472        0.00000000     0.00000000     0.00000000
   27.6754921815        0.00000000     0.00000000     0.00000000
   28.0236109161        0.00000000     0.00000000     0.00000000
   28.3761084454        0.00000000     0.00000000     0.00000000
   28.7330398477        0.00000000     0.00000000     0.00000000
   29.0944608944        0.00000000     0.00000000     0.00000000
   29.4604280583        0.00000000     0.00000000     0.00000000
   29.8309985223        0.00000000     0.00000000     0.00000000
   30.2062301890        0.00000000     0.00000000     0.00000000
   30.5861816890        0.00000000     0.00000000     0.00000000
   30.9709123906        0.00000000     0.00000000     0.00000000
   31.3604824086        0.00000000     0.00000000     0.00000000
   31.7549526142        0.00000000     0.00000000     0.00000000
   32.1543846442        0.00000000     0.00000000     0.00000000
   32.5588409106        0.00000000     0.00000000     0.00000000
   32.9683846106        0.00000000     0.00000000     0.00000000
   33.3830797362        0.00000000     0.00000000     0.00000000
   33.8029910842        0.00000000     0.00000000     0.00000000
   34.2281842669        0.00000000     0.00000000     0.00000000
   34.6587257214        0.00000000     0.00000000     0.00000000
   35.0946827207        0.00000000     0.00000000     0.00000000
   35.5361233840        0.00000000     0.00000000     0.00000000
   35.9831166873        0.00000000     0.00000000     0.00000000
   36.4357324741        0.00000000     0.00000000     0.00000000
   36.8940414668        0.00000000     0.00000000     0.00000000
   37.3581152769        0.00000000     0.00000000     0.00000000
   37.8280264169        0.00000000     0.00000000     0.00000000
   38.3038483114        0.00000000     0.00000000     0.00000000
   38.7856553086        0.00000000     0.00000000     0.00000000
   39.2735226917        0.00000000     0.00000000     0.00000000
   39.7675266911        0.00000000     0.00000000     0.00000000
   40.2677444958        0.00000000     0.00000000     0.00000000
   40.7742542659        0.00000000     0.00000000     0.00000000
   41.2871351447        0.00000000     0.00000000     0.00000000
   41.8064672707        0.00000000     0.00000000     0.00000000
   42.3323317907        0.00000000     0.00000000     0.00000000
   42.8648108721        0.00000000     0.00000000     0.00000000
   43.4039877158        0.00000000     0.00000000     0.00000000
   43.9499465693        0.00000000     0.00000000     0.00000000
   44.5027727398        0.00000000     0.00000000     0.00000000
   45.0625526075        0.00000000     0.00000000     0.00000000
   45.6293736391        0.00000000     0.00000000     0.00000000
   46.2033244017        0.00000000     0.00000000     0.00000000
   46.7844945760        0.00000000     0.00000000     0.00000000
   47.3729749712        0.00000000     0.00000000     0.00000000
   47.9688575386        0.00000000     0.00000000     0.00000000
   48.5722353860        0.00000000     0.00000000     0.00000000
   49.1832027924        0.00000000     0.00000000     0.00000000
   49.8018552227        0.00000000     0.00000000     0.00000000
   50.4282893426        0.00000000     0.00000000     0.00000000
   51.0626030337        0.00000000     0.00000000     0.00000000
   51.7048954089        0.00000000     0.00000000     0.00000000
   52.3552668275        0.00000000     0.00000000     0.00000000
   53.0138189116        0.00000000     0.00000000     0.00000000
   53.6806545611        0.00000000     0.00000000     0.00000000
   54.3558779705        0.00000000     0.00000000     0.00000000
   55.0395946449        0.00000000     0.00000000     0.00000000
   55.7319114163        0.00000000     0.00000000     0.00000000
   56.4329364607        0.00000000     0.00000000     0.00000000
   57.1427793146        0.00000000     0.00000000     0.00000000
   57.8615508925        0.00000000     0.00000000     0.00000000
   58.5893635038        0.00000000     0.00000000     0.00000000
   59.3263308708        0.00000000     0.00000000     0.00000000
   60.0725681461        0.00000000     0.00000000     0.00000000
   60.8281919308        0.00000000     0.00000000     0.00000000
   61.5933202926        0.00000000     0.00000000     0.00000000
   62.3680727845        0.00000000     0.00000000     0.00000000
   63.1525704631        0.00000000     0.00000000     0.00000000
   63.9469359077        0.00000000     0.00000000     0.00000000
   64.7512932395        0.00000000     0.00000000     0.00000000
   65.5657681411        0.00000000     0.00000000     0.00000000
   66.3904878757        0.00000000     0.00000000     0.00000000
   67.2255813076        0.00000000     0.00000000     0.00000000
   68.0711789217        0.00000000     0.00000000     0.00000000
   68.9274128445        0.00000000     0.00000000     0.00000000
   69.7944168641        0.00000000     0.00000000     0.00000000
   70.6723264518        0.00000000     0.00000000     0.00000000
   71.5612787827        0.00000000     0.00000000     0.00000000
   72.4614127574        0.00000000     0.00000000     0.00000000
   73.3728690237        0.00000000     0.00000000     0.00000000
   74.2957899985        0.00000000     0.00000000     0.00000000
   75.2303198900        0.00000000     0.00000000     0.00000000
   76.1766047205        0.00000000     0.00000000     0.00000000
   77.1347923488        0.00000000     0.00000000     0.00000000
   78.1050324938        0.00000000     0.00000000     0.00000000
   79.0874767575        0.00000000     0.00000000     0.00000000
   80.0822786487        0.00000000     0.00000000     0.00000000
   81.0895936073        0.00000000     0.00000000     0.00000000
   82.1095790283        0.00000000     0.00000000     0.00000000
   83.1423942865        0.00000000     0.00000000     0.00000000
   84.1882007614        0.00000000     0.00000000     0.00000000
   85.2471618623        0.00000000     0.00000000     0.00000000
   86.3194430541        0.00000000     0.00000000     0.00000000
   87.4052118830        0.00000000     0.00000000     0.00000000
   88.5046380024        0.00000000     0.00000000     0.00000000
   89.6178932000        0.00000000     0.00000000     0.00000000
   90.7451514241        0.00000000     0.00000000     0.00000000
   91.8865888112        0.00000000     0.00000000     0.00000000
   93.0423837132        0.00000000     0.00000000     0.00000000
   94.2127167253        0.00000000     0.00000000     0.00000000
   95.3977707145        0.00000000     0.00000000     0.00000000
   96.5977308479        0.00000000     0.00000000     0.00000000
   97.8127846216        0.00000000     0.00000000     0.00000000
   99.0431218904        0.00000000     0.00000000     0.00000000
  100.2889348969        0.00000000     0.00000000     0.00000000
  101.5504183019        0.00000000     0.00000000     0.00000000
  102.8277692148        0.00000000     0.00000000     0.00000000
  104.1211872243        0.00000000     0.00000000     0.00000000
  105.4308744295        0.00000000     0.00000000     0.00000000
  106.7570354717        0.00000000     0.00000000     0.00000000
  108.0998775664        0.00000000     0.00000000     0.00000000
  109.4596105353        0.00000000     0.00000000     0.00000000
  110.8364468394        0.00000000     0.00000000     0.00000000
  112.2306016123        0.00000000     0.00000000     0.00000000
  113.6422926934        0.00000000     0.00000000     0.00000000
  115.0717406624        0.00000000     0.00000000     0.00000000
  116.5191688733        0.00000000     0.00000000     0.00000000
  117.9848034899        0.00000000     0.00000000     0.00000000
  119.4688735205        0.00000000     0.00000000     0.00000000
