    -2.665566       1.406507
    -2.585513       1.372900
    -2.505461       1.338188
    -2.425408       1.302267
    -2.345355       1.265021
    -2.265302       1.226319
    -2.185250       1.186005
    -2.105197       1.143904
    -2.025144       1.099809
    -1.945091       1.053479
    -1.865039       1.004627
    -1.784986       0.952918
    -1.704933       0.897944
    -1.624880       0.839216
    -1.544828       0.776136
    -1.464775       0.707969
    -1.384722       0.633794
    -1.304670       0.552448
    -1.224617       0.462440
    -1.144564       0.361817
    -1.064511       0.247990
    -0.984459       0.117424
    -0.904406      -0.034815
    -0.824353      -0.215835
    -0.744300      -0.436284
    -0.664248      -0.712828
    -0.584195      -1.073156
    -0.504142      -1.566859
    -0.424089      -2.292399
    -0.344037      -3.477295
    -0.263984      -5.791726
    -0.183931     -12.447659
    -0.103878    -261.320604
    -0.023826      16.328828
     0.056227       8.487241
     0.136280       5.952452
     0.216332       4.688977
     0.296385       3.925373
     0.376438       3.409209
     0.456491       3.033445
     0.536543       2.744947
     0.616596       2.514304
     0.696649       2.323944
     0.776702       2.162718
     0.856754       2.023197
     0.936807       1.900244
     1.016860       1.790190
     1.096913       1.690355
     1.176965       1.598713
     1.257018       1.513721
     1.337071       1.434170
