    -3.759804       1.485495
    -3.679804       1.450443
    -3.599804       1.414097
    -3.519804       1.376331
    -3.439804       1.336999
    -3.359804       1.295934
    -3.279804       1.252942
    -3.199804       1.207796
    -3.119804       1.160234
    -3.039804       1.109943
    -2.959804       1.056553
    -2.879804       0.999620
    -2.799804       0.938609
    -2.719804       0.872866
    -2.639804       0.801587
    -2.559804       0.723767
    -2.479804       0.638138
    -2.399804       0.543072
    -2.319804       0.436448
    -2.239804       0.315447
    -2.159804       0.176236
    -2.079804       0.013473
    -1.999804      -0.180520
    -1.919804      -0.417198
    -1.839804      -0.714432
    -1.759804      -1.101743
    -1.679804      -1.631633
    -1.599804      -2.407371
    -1.519804      -3.663946
    -1.439804      -6.076276
    -1.359804     -12.695160
    -1.279804    -116.079703
    -1.199804      19.891120
    -1.119804       9.919388
    -1.039804       6.895443
    -0.959804       5.424391
    -0.879804       4.548224
    -0.799804       3.962457
    -0.719804       3.540041
    -0.639804       3.218554
    -0.559804       2.963741
    -0.479804       2.755235
    -0.399804       2.580164
    -0.319804       2.429995
    -0.239804       2.298843
    -0.159804       2.182521
    -0.079804       2.077967
     0.000196       1.982885
     0.080196       1.895525
     0.160196       1.814524
     0.240196       1.738806
