  0.0000    -10.13393    -755380.0662    
  0.0101    -12.35356    -1190.494665    
  0.0201    -14.16755    -597.1383626    
  0.0301    -14.03620    -398.2494694    
  0.0403    -13.27170    -297.9758915    
  0.0505    -12.55828    -237.5703046    
  0.0602    -12.07357    -199.2338558    
  0.0700    -11.74360    -171.3593800    
  0.0804    -11.50869    -149.2607455    
  0.0900    -11.35433    -133.3243337    
  0.1008    -11.22213    -119.0946478    
  0.1100    -11.12654    -109.0886591    
  0.1201    -11.03036    -99.92550704    
  0.1311    -10.92725    -91.53384894    
  0.1413    -10.82896    -84.90543253    
  0.1505    -10.73790    -79.75067962    
  0.1602    -10.63766    -74.90948450    
  0.1705    -10.52857    -70.36270271    
  0.1816    -10.41239    -66.09236703    
  0.1909    -10.31657    -62.86377221    
  0.2007    -10.22094    -59.79313648    
  0.2110    -10.12877    -56.87270852    
  0.2218    -10.04397    -54.09511960    
  0.2303     -9.98790    -52.10143877    
  0.2421     -9.92713    -49.55717018    
  0.2514     -9.89496    -47.73094175    
  0.2610     -9.87694    -45.97209134    
  0.2710     -9.87559    -44.27812729    
  0.2814     -9.89350    -42.64665051    
  0.2921     -9.93333    -41.07535098    
  0.3033     -9.99760    -39.56200446    
  0.3110    -10.05518    -38.58424195    
  0.3229    -10.16502    -37.16276378    
  0.3311    -10.25441    -36.24435319    
  0.3437    -10.41296    -34.90915625    
  0.3525    -10.53465    -34.04648842    
  0.3614    -10.66850    -33.20515691    
  0.3705    -10.81375    -32.38463313    
  0.3847    -11.05095    -31.19173789    
  0.3945    -11.22062    -30.42100622    
  0.4045    -11.39864    -29.66933350    
  0.4147    -11.58460    -28.93624774    
  0.4252    -11.77844    -28.22128863    
  0.4306    -11.87840    -27.87046588    
  0.4415    -12.08471    -27.18185867    
  0.4527    -12.30009    -26.51027680    
  0.4641    -12.52521    -25.85529877    
  0.4759    -12.76059    -25.21651352    
  0.4819    -12.88220    -24.90306754    
  0.4941    -13.13319    -24.28782302    
  0.5003    -13.26245    -23.98592799    
  0.5130    -13.52790    -23.39335560    
  0.5260    -13.80139    -22.81543134    
  0.5326    -13.94054    -22.53184861    
  0.5461    -14.22211    -21.97521963    
  0.5529    -14.36379    -21.70208610    
  0.5669    -14.64678    -21.16596685    
  0.5741    -14.78711    -20.90289708    
  0.5813    -14.92596    -20.64309872    
  0.5960    -15.19681    -20.13315384    
  0.6035    -15.32755    -19.88292739    
  0.6111    -15.45427    -19.63581248    
  0.6266    -15.69272    -19.15076281    
  0.6345    -15.80296    -18.91275204    
  0.6425    -15.90615    -18.67770076    
  0.6506    -16.00150    -18.44557213    
  0.6670    -16.16538    -17.98993779    
  0.6754    -16.23227    -17.76636068    
  0.6839    -16.28804    -17.54556342    
  0.6925    -16.33190    -17.32751141    
  0.7013    -16.36308    -17.11217051    
  0.7101    -16.38083    -16.89950695    
  0.7281    -16.37339    -16.48207907    
  0.7372    -16.34700    -16.27724935    
  0.7465    -16.30484    -16.07496618    
  0.7559    -16.24654    -15.87519789    
  0.7654    -16.17182    -15.67791319    
  0.7750    -16.08056    -15.48308116    
  0.7848    -15.97274    -15.29067130    
  0.7947    -15.84854    -15.10065348    
  0.8047    -15.70828    -14.91299791    
  0.8148    -15.55247    -14.72767523    
  0.8250    -15.38182    -14.54465641    
  0.8354    -15.19723    -14.36391277    
  0.8459    -14.99982    -14.18541603    
  0.8566    -14.79092    -14.00913822    
  0.8674    -14.57208    -13.83505174    
  0.8783    -14.34505    -13.66312934    
  0.8893    -14.11178    -13.49334409    
  0.9005    -13.87440    -13.32566940    
  0.9118    -13.63518    -13.16007903    
  0.9233    -13.39649    -12.99654705    
  0.9349    -13.16077    -12.83504784    
  0.9467    -12.93044    -12.67555613    
  0.9586    -12.70779    -12.51804695    
  0.9707    -12.49493    -12.36249564    
  0.9829    -12.29356    -12.20887784    
  0.9953    -12.10488    -12.05716951    
  1.0078    -11.92931    -11.90734690    
  1.0205    -11.76627    -11.75938655    
  1.0333    -11.61383    -11.61326530    
  1.0463    -11.46864    -11.46896028    
  1.0595    -11.32619    -11.32644890    
  1.0728    -11.18550    -11.18570886    
  1.0863    -11.04655    -11.04671812    
  1.1000    -10.90932    -10.90945493    
  1.1138    -10.77379    -10.77389780    
  1.1278    -10.63994    -10.64002552    
  1.1420    -10.50775    -10.50781714    
  1.1564    -10.37720    -10.37725197    
  1.1709    -10.24827    -10.24830956    
  1.1857    -10.12094    -10.12096975    
  1.2006     -9.99519    -9.995212595    
  1.2157     -9.87100    -9.871018425    
  1.2310     -9.74835    -9.748367801    
  1.2465     -9.62723    -9.627241529    
  1.2621     -9.50761    -9.507620655    
  1.2780     -9.38948    -9.389486461    
  1.2941     -9.27282    -9.272820461    
  1.3104     -9.15760    -9.157604398    
  1.3269     -9.04382    -9.043820246    
  1.3436     -8.93145    -8.931450198    
  1.3605     -8.82048    -8.820476674    
  1.3776     -8.71088    -8.710882309    
  1.3949     -8.60265    -8.602649955    
  1.4125     -8.49576    -8.495762679    
  1.4302     -8.39020    -8.390203757    
  1.4482     -8.28596    -8.285956674    
  1.4665     -8.18301    -8.183005119    
  1.4849     -8.08133    -8.081332986    
  1.5036     -7.98092    -7.980924368    
  1.5225     -7.88176    -7.881763557    
  1.5417     -7.78384    -7.783835040    
  1.5611     -7.68712    -7.687123497    
  1.5807     -7.59161    -7.591613797    
  1.6006     -7.49729    -7.497291000    
  1.6207     -7.40414    -7.404140351    
  1.6411     -7.31215    -7.312147277    
  1.6618     -7.22130    -7.221297388    
  1.6827     -7.13158    -7.131576473    
  1.7038     -7.04297    -7.042970497    
  1.7253     -6.95547    -6.955465600    
  1.7470     -6.86905    -6.869048094    
  1.7689     -6.78370    -6.783704463    
  1.7912     -6.69942    -6.699421355    
  1.8137     -6.61619    -6.616185590    
  1.8366     -6.53398    -6.533984147    
  1.8597     -6.45280    -6.452804169    
  1.8831     -6.37263    -6.372632958    
  1.9067     -6.29346    -6.293457977    
  1.9307     -6.21527    -6.215266840    
  1.9550     -6.13805    -6.138047319    
  1.9796     -6.06179    -6.061787336    
  2.0045     -5.98647    -5.986474965    
  2.0297     -5.91210    -5.912098427    
  2.0553     -5.83865    -5.838646089    
  2.0811     -5.76611    -5.766106464    
  2.1073     -5.69447    -5.694468208    
  2.1338     -5.62372    -5.623720116    
  2.1607     -5.55385    -5.553851125    
  2.1878     -5.48485    -5.484850308    
  2.2154     -5.41671    -5.416706873    
  2.2432     -5.34941    -5.349410166    
  2.2715     -5.28295    -5.282949661    
  2.3000     -5.21731    -5.217314966    
  2.3290     -5.15250    -5.152495816    
  2.3583     -5.08848    -5.088482076    
  2.3879     -5.02526    -5.025263734    
  2.4180     -4.96283    -4.962830907    
  2.4484     -4.90117    -4.901173829    
  2.4792     -4.84028    -4.840282861    
  2.5104     -4.78015    -4.780148481    
  2.5420     -4.72076    -4.720761284    
  2.5739     -4.66211    -4.662111987    
  2.6063     -4.60419    -4.604191417    
  2.6391     -4.54699    -4.546990517    
  2.6723     -4.49050    -4.490500345    
  2.7059     -4.43471    -4.434712067    
  2.7400     -4.37962    -4.379616959    
  2.7744     -4.32521    -4.325206407    
  2.8093     -4.27147    -4.271471905    
  2.8447     -4.21841    -4.218405049    
  2.8805     -4.16600    -4.165997543    
  2.9167     -4.11424    -4.114241193    
  2.9534     -4.06313    -4.063127906    
  2.9905     -4.01265    -4.012649692    
  3.0282     -3.96280    -3.962798656    
  3.0663     -3.91357    -3.913567006    
  3.1048     -3.86495    -3.864947045    
  3.1439     -3.81693    -3.816931170    
  3.1834     -3.76951    -3.769511874    
  3.2235     -3.72268    -3.722681745    
  3.2640     -3.67643    -3.676433460    
  3.3051     -3.63076    -3.630759789    
  3.3467     -3.58565    -3.585653590    
  3.3888     -3.54111    -3.541107814    
  3.4314     -3.49712    -3.497115494    
  3.4746     -3.45367    -3.453669754    
  3.5183     -3.41076    -3.410763801    
  3.5625     -3.36839    -3.368390927    
  3.6073     -3.32654    -3.326544509    
  3.6527     -3.28522    -3.285218004    
  3.6987     -3.24440    -3.244404952    
  3.7452     -3.20410    -3.204098972    
  3.7923     -3.16429    -3.164293764    
  3.8400     -3.12498    -3.124983104    
  3.8883     -3.08616    -3.086160847    
  3.9372     -3.04782    -3.047820924    
  3.9868     -3.00996    -3.009957342    
  4.0369     -2.97256    -2.972564182    
  4.0877     -2.93564    -2.935635597    
  4.1391     -2.89917    -2.899165816    
  4.1912     -2.86315    -2.863149138    
  4.2439     -2.82758    -2.827579931    
  4.2973     -2.79245    -2.792452637    
  4.3514     -2.75776    -2.757761763    
  4.4061     -2.72350    -2.723501887    
  4.4615     -2.68967    -2.689667654    
  4.5176     -2.65625    -2.656253774    
  4.5745     -2.62326    -2.623255025    
  4.6320     -2.59067    -2.590666248    
  4.6903     -2.55848    -2.558482349    
  4.7493     -2.52670    -2.526698297    
  4.8090     -2.49531    -2.495309124    
  4.8695     -2.46431    -2.464309924    
  4.9308     -2.43370    -2.433695851    
  4.9928     -2.40346    -2.403462120    
  5.0556     -2.37360    -2.373604004    
  5.1192     -2.34412    -2.344116837    
  5.1836     -2.31500    -2.314996009    
  5.2488     -2.28624    -2.286236969    
  5.3148     -2.25784    -2.257835222    
  5.3817     -2.22979    -2.229786328    
  5.4494     -2.20209    -2.202085902    
  5.5179     -2.17473    -2.174729616    
  5.5873     -2.14771    -2.147713192    
  5.6576     -2.12103    -2.121032409    
  5.7288     -2.09468    -2.094683097    
  5.8009     -2.06866    -2.068661135    
  5.8738     -2.04296    -2.042962459    
  5.9477     -2.01758    -2.017583049    
  6.0225     -1.99252    -1.992518941    
  6.0983     -1.96777    -1.967766215    
  6.1750     -1.94332    -1.943321004    
  6.2527     -1.91918    -1.919179487    
  6.3313     -1.89534    -1.895337890    
  6.4110     -1.87179    -1.871792486    
  6.4916     -1.84854    -1.848539597    
  6.5733     -1.82558    -1.825575587    
  6.6560     -1.80290    -1.802896867    
  6.7397     -1.78050    -1.780499893    
  6.8245     -1.75838    -1.758381164    
  6.9103     -1.73654    -1.736537223    
  6.9972     -1.71496    -1.714964656    
  7.0852     -1.69366    -1.693660091    
  7.1744     -1.67262    -1.672620199    
  7.2646     -1.65184    -1.651841691    
  7.3560     -1.63132    -1.631321319    
  7.4485     -1.61106    -1.611055878    
  7.5422     -1.59104    -1.591042198    
  7.6371     -1.57128    -1.571277152    
  7.7332     -1.55176    -1.551757652    
  7.8304     -1.53248    -1.532480646    
  7.9289     -1.51344    -1.513443122    
  8.0287     -1.49464    -1.494642104    
  8.1297     -1.47607    -1.476074654    
  8.2319     -1.45774    -1.457737870    
  8.3355     -1.43963    -1.439628886    
  8.4403     -1.42174    -1.421744872    
  8.5465     -1.40408    -1.404083034    
  8.6540     -1.38664    -1.386640610    
  8.7629     -1.36941    -1.369414874    
  8.8731     -1.35240    -1.352403136    
  8.9847     -1.33560    -1.335602735    
  9.0977     -1.31901    -1.319011046    
  9.2122     -1.30263    -1.302625476    
  9.3280     -1.28644    -1.286443465    
  9.4454     -1.27046    -1.270462484    
  9.5642     -1.25468    -1.254680034    
  9.6845     -1.23909    -1.239093650    
  9.8063     -1.22370    -1.223700895    
  9.9297     -1.20850    -1.208499364    
 10.0546     -1.19349    -1.193486681    
 10.1810     -1.17866    -1.178660500    
 10.3091     -1.16402    -1.164018504    
 10.4388     -1.14956    -1.149558405    
 10.5701     -1.13528    -1.135277943    
 10.7031     -1.12117    -1.121174885    
 10.8377     -1.10725    -1.107247029    
 10.9740     -1.09349    -1.093492197    
 11.1121     -1.07991    -1.079908240    
 11.2518     -1.06649    -1.066493035    
 11.3934     -1.05324    -1.053244486    
 11.5367     -1.04016    -1.040160521    
 11.6818     -1.02724    -1.027239097    
 11.8287     -1.01448    -1.014478194    
 11.9775     -1.00188    -1.001875817    
 12.1282     -0.98943   -0.9894299978    
 12.2808     -0.97714   -0.9771387909    
 12.4352     -0.96500   -0.9650002754    
 12.5916     -0.95301   -0.9530125545    
 12.7500     -0.94117   -0.9411737547    
 12.9104     -0.92948   -0.9294820260    
 13.0728     -0.91794   -0.9179355412    
 13.2373     -0.90653   -0.9065324958    
 13.4038     -0.89527   -0.8952711080    
 13.5724     -0.88415   -0.8841496178    
 13.7431     -0.87317   -0.8731662872    
 13.9160     -0.86232   -0.8623193999    
 14.0910     -0.85161   -0.8516072608    
 14.2682     -0.84103   -0.8410281957    
 14.4477     -0.83058   -0.8305805516    
 14.6295     -0.82026   -0.8202626958    
 14.8135     -0.81007   -0.8100730158    
 14.9998     -0.80001   -0.8000099193    
 15.1885     -0.79007   -0.7900718338    
 15.3795     -0.78026   -0.7802572061    
 15.5730     -0.77056   -0.7705645026    
 15.7689     -0.76099   -0.7609922085    
 15.9672     -0.75154   -0.7515388280    
 16.1681     -0.74220   -0.7422028839    
 16.3715     -0.73298   -0.7329829171    
 16.5774     -0.72388   -0.7238774869    
 16.7859     -0.71489   -0.7148851703    
 16.9971     -0.70600   -0.7060045622    
 17.2109     -0.69723   -0.6972342748    
 17.4273     -0.68857   -0.6885729376    
 17.6466     -0.68002   -0.6800191970    
 17.8685     -0.67157   -0.6715717164    
 18.0933     -0.66323   -0.6632291757    
 18.3209     -0.65499   -0.6549902712    
 18.5513     -0.64685   -0.6468537155    
 18.7847     -0.63882   -0.6388182370    
 19.0210     -0.63088   -0.6308825802    
 19.2602     -0.62305   -0.6230455048    
 19.5025     -0.61531   -0.6153057863    
 19.7478     -0.60766   -0.6076622151    
 19.9962     -0.60011   -0.6001135969    
 20.2477     -0.59266   -0.5926587520    
 20.5024     -0.58530   -0.5852965155    
 20.7603     -0.57803   -0.5780257369    
 21.0215     -0.57085   -0.5708452800    
 21.2859     -0.56375   -0.5637540228    
 21.5536     -0.55675   -0.5567508572    
 21.8247     -0.54983   -0.5498346888    
 22.0993     -0.54300   -0.5430044369    
 22.3772     -0.53626   -0.5362590340    
 22.6587     -0.52960   -0.5295974262    
 22.9437     -0.52302   -0.5230185725    
 23.2323     -0.51652   -0.5165214448    
 23.5246     -0.51011   -0.5101050278    
 23.8205     -0.50377   -0.5037683190    
 24.1201     -0.49751   -0.4975103280    
 24.4235     -0.49133   -0.4913300771    
 24.7307     -0.48523   -0.4852266004    
 25.0418     -0.47920   -0.4791989442    
 25.3568     -0.47325   -0.4732461665    
 25.6757     -0.46737   -0.4673673373    
 25.9987     -0.46156   -0.4615615378    
 26.3257     -0.45583   -0.4558278608    
 26.6569     -0.45017   -0.4501654104    
