  0.2500     2.162848
  0.5000     1.857457
  0.7500     1.473303
  1.0000     1.103422
  1.2500     0.794692
  1.5000     0.557083
  1.7500     0.382501
  2.0000     0.257634
  2.2500     0.169796
  2.5000     0.108739
  2.7500     0.066747
  3.0000     0.038204
  3.2500     0.019090
  3.5000     0.006556
  3.7500    -0.001411
  4.0000    -0.006230
  4.2500    -0.008897
  4.5000    -0.010112
  4.7500    -0.010366
  5.0000    -0.010006
  5.2500    -0.009270
  5.5000    -0.008328
  5.7500    -0.007293
  6.0000    -0.006242
  6.2500    -0.005228
  6.5000    -0.004283
  6.7500    -0.003425
  7.0000    -0.002663
  7.2500    -0.002000
  7.5000    -0.001434
  7.7500    -0.000961
  8.0000    -0.000573
  8.2500    -0.000263
  8.5000    -0.000022
  8.7500     0.000159
  9.0000     0.000288
  9.2500     0.000373
  9.5000     0.000423
  9.7500     0.000443
 10.0000     0.000440
 10.2500     0.000420
 10.5000     0.000387
 10.7500     0.000346
 11.0000     0.000300
 11.2500     0.000253
 11.5000     0.000206
 11.7500     0.000161
 12.0000     0.000120
