  0.2500     2.938984
  0.5000     2.230217
  0.7500     1.545016
  1.0000     1.037306
  1.2500     0.695535
  1.5000     0.470846
  1.7500     0.322317
  2.0000     0.222698
  2.2500     0.154867
  2.5000     0.108076
  2.7500     0.075442
  3.0000     0.052467
  3.2500     0.036154
  3.5000     0.024485
  3.7500     0.016084
  4.0000     0.010006
  4.2500     0.005596
  4.5000     0.002393
  4.7500     0.000071
  5.0000    -0.001603
  5.2500    -0.002796
  5.5000    -0.003631
  5.7500    -0.004198
  6.0000    -0.004563
  6.2500    -0.004775
  6.5000    -0.004871
  6.7500    -0.004877
  7.0000    -0.004817
  7.2500    -0.004705
  7.5000    -0.004553
  7.7500    -0.004373
  8.0000    -0.004171
  8.2500    -0.003954
  8.5000    -0.003726
  8.7500    -0.003494
  9.0000    -0.003259
  9.2500    -0.003025
  9.5000    -0.002795
  9.7500    -0.002571
 10.0000    -0.002354
 10.2500    -0.002146
 10.5000    -0.001949
 10.7500    -0.001763
 11.0000    -0.001588
 11.2500    -0.001426
 11.5000    -0.001276
 11.7500    -0.001139
 12.0000    -0.001014
