  0.0000     0.00000459    1.0463
  0.0101     0.01186888    1.0463
  0.0201     0.02366657    1.0463
  0.0301     0.03549581    1.0463
  0.0403     0.04745958    1.0463
  0.0505     0.05955767    1.0463
  0.0602     0.07106028    1.0463
  0.0700     0.08267812    1.0463
  0.0804     0.09500131    1.0463
  0.0900     0.10645376    1.0463
  0.1008     0.11930892    1.0463
  0.1100     0.13039314    1.0463
  0.1201     0.14253329    1.0463
  0.1311     0.15583859    1.0463
  0.1413     0.16826327    1.0463
  0.1505     0.17940212    1.0463
  0.1602     0.19131336    1.0463
  0.1705     0.20405767    1.0463
  0.1816     0.21770177    1.0463
  0.1909     0.22931400    1.0463
  0.2007     0.24158997    1.0463
  0.2110     0.25457408    1.0463
  0.2218     0.26831436    1.0463
  0.2303     0.27914690    1.0463
  0.2421     0.29433797    1.0463
  0.2514     0.30632451    1.0463
  0.2610     0.31884906    1.0463
  0.2710     0.33193975    1.0463
  0.2814     0.34562608    1.0463
  0.2921     0.35993889    1.0463
  0.3033     0.37491020    1.0463
  0.3110     0.38527316    1.0463
  0.3229     0.40141558    1.0463
  0.3311     0.41259048    1.0463
  0.3437     0.42999769    1.0463
  0.3525     0.44204668    1.0463
  0.3614     0.45446205    1.0463
  0.3705     0.46725270    1.0463
  0.3847     0.48716017    1.0463
  0.3945     0.50092312    1.0463
  0.4045     0.51508574    1.0463
  0.4147     0.52965191    1.0463
  0.4252     0.54462349    1.0463
  0.4306     0.55226125    1.0463
  0.4415     0.56783901    1.0463
  0.4527     0.58381511    1.0463
  0.4641     0.60018059    1.0463
  0.4759     0.61692206    1.0463
  0.4819     0.62542823    1.0463
  0.4941     0.64269715    1.0463
  0.5003     0.65145298    1.0463
  0.5130     0.66918682    1.0463
  0.5260     0.68718378    1.0463
  0.5326     0.69626654    1.0463
  0.5461     0.71456686    1.0463
  0.5529     0.72376909    1.0463
  0.5669     0.74223448    1.0463
  0.5741     0.75147834    1.0463
  0.5813     0.76071561    1.0463
  0.5960     0.77912394    1.0463
  0.6035     0.78826999    1.0463
  0.6111     0.79735942    1.0463
  0.6266     0.81531043    1.0463
  0.6345     0.82414134    1.0463
  0.6425     0.83285431    1.0463
  0.6506     0.84143240    1.0463
  0.6670     0.85811365    1.0463
  0.6754     0.86618047    1.0463
  0.6839     0.87403995    1.0463
  0.6925     0.88167314    1.0463
  0.7013     0.88906099    1.0463
  0.7101     0.89618440    1.0463
  0.7281     0.90956235    1.0463
  0.7372     0.91577986    1.0463
  0.7465     0.92165918    1.0463
  0.7559     0.92718325    1.0463
  0.7654     0.93233591    1.0463
  0.7750     0.93710199    1.0463
  0.7848     0.94146755    1.0463
  0.7947     0.94542000    1.0463
  0.8047     0.94894824    1.0463
  0.8148     0.95204284    1.0463
  0.8250     0.95469609    1.0463
  0.8354     0.95690215    1.0463
  0.8459     0.95865711    1.0463
  0.8566     0.95995902    1.0463
  0.8674     0.96080788    1.0463
  0.8783     0.96120565    1.0463
  0.8893     0.96115614    1.0463
  0.9005     0.96066487    1.0463
  0.9118     0.95973897    1.0463
  0.9233     0.95838686    1.0463
  0.9349     0.95661811    1.0463
  0.9467     0.95444305    1.0463
  0.9586     0.95187246    1.0463
  0.9707     0.94891724    1.0463
  0.9829     0.94558805    1.0463
  0.9953     0.94189496    1.0463
  1.0078     0.93784717    1.0463
  1.0205     0.93345285    1.0463
  1.0333     0.92871905    1.0463
  1.0463     0.92365190    1.0463
  1.0595     0.91825702    1.0463
  1.0728     0.91254020    1.0463
  1.0863     0.90650742    1.0463
  1.1000     0.90016497    1.0463
  1.1138     0.89351938    1.0463
  1.1278     0.88657747    1.0463
  1.1420     0.87934630    1.0463
  1.1564     0.87183317    1.0463
  1.1709     0.86404562    1.0463
  1.1857     0.85599139    1.0463
  1.2006     0.84767846    1.0463
  1.2157     0.83911497    1.0463
  1.2310     0.83030928    1.0463
  1.2465     0.82126991    1.0463
  1.2621     0.81200556    1.0463
  1.2780     0.80252506    1.0463
  1.2941     0.79283741    1.0463
  1.3104     0.78295171    1.0463
  1.3269     0.77287720    1.0463
  1.3436     0.76262322    1.0463
  1.3605     0.75219920    1.0463
  1.3776     0.74161464    1.0463
  1.3949     0.73087913    1.0463
  1.4125     0.72000230    1.0463
  1.4302     0.70899385    1.0463
  1.4482     0.69786347    1.0463
  1.4665     0.68662091    1.0463
  1.4849     0.67527590    1.0463
  1.5036     0.66383818    1.0463
  1.5225     0.65231748    1.0463
  1.5417     0.64072348    1.0463
  1.5611     0.62906584    1.0463
  1.5807     0.61735416    1.0463
  1.6006     0.60559797    1.0463
  1.6207     0.59380674    1.0463
  1.6411     0.58198986    1.0463
  1.6618     0.57015659    1.0463
  1.6827     0.55831612    1.0463
  1.7038     0.54647750    1.0463
  1.7253     0.53464965    1.0463
  1.7470     0.52284137    1.0463
  1.7689     0.51106130    1.0463
  1.7912     0.49931792    1.0463
  1.8137     0.48761954    1.0463
  1.8366     0.47597429    1.0463
  1.8597     0.46439014    1.0463
  1.8831     0.45287482    1.0463
  1.9067     0.44143591    1.0463
  1.9307     0.43008073    1.0463
  1.9550     0.41881641    1.0463
  1.9796     0.40764985    1.0463
  2.0045     0.39658771    1.0463
  2.0297     0.38563642    1.0463
  2.0553     0.37480216    1.0463
  2.0811     0.36409085    1.0463
  2.1073     0.35350818    1.0463
  2.1338     0.34305954    1.0463
  2.1607     0.33275011    1.0463
  2.1878     0.32258475    1.0463
  2.2154     0.31256807    1.0463
  2.2432     0.30270442    1.0463
  2.2715     0.29299785    1.0463
  2.3000     0.28345215    1.0463
  2.3290     0.27407083    1.0463
  2.3583     0.26485712    1.0463
  2.3879     0.25581398    1.0463
  2.4180     0.24694407    1.0463
  2.4484     0.23824981    1.0463
  2.4792     0.22973332    1.0463
  2.5104     0.22139647    1.0463
  2.5420     0.21324086    1.0463
  2.5739     0.20526780    1.0463
  2.6063     0.19747838    1.0463
  2.6391     0.18987343    1.0463
  2.6723     0.18245350    1.0463
  2.7059     0.17521892    1.0463
  2.7400     0.16816980    1.0463
  2.7744     0.16130599    1.0463
  2.8093     0.15462712    1.0463
  2.8447     0.14813262    1.0463
  2.8805     0.14182169    1.0463
  2.9167     0.13569335    1.0463
  2.9534     0.12974640    1.0463
  2.9905     0.12397948    1.0463
  3.0282     0.11839101    1.0463
  3.0663     0.11297929    1.0463
  3.1048     0.10774243    1.0463
  3.1439     0.10267837    1.0463
  3.1834     0.09778494    1.0463
  3.2235     0.09305980    1.0463
  3.2640     0.08850049    1.0463
  3.3051     0.08410445    1.0463
  3.3467     0.07986896    1.0463
  3.3888     0.07579124    1.0463
  3.4314     0.07186839    1.0463
  3.4746     0.06809741    1.0463
  3.5183     0.06447524    1.0463
  3.5625     0.06099874    1.0463
  3.6073     0.05766469    1.0463
  3.6527     0.05446981    1.0463
  3.6987     0.05141080    1.0463
  3.7452     0.04848426    1.0463
  3.7923     0.04568680    1.0463
  3.8400     0.04301498    1.0463
  3.8883     0.04046532    1.0463
  3.9372     0.03803434    1.0463
  3.9868     0.03571855    1.0463
  4.0369     0.03351443    1.0463
  4.0877     0.03141849    1.0463
  4.1391     0.02942723    1.0463
  4.1912     0.02753716    1.0463
  4.2439     0.02574480    1.0463
  4.2973     0.02404672    1.0463
  4.3514     0.02243948    1.0463
  4.4061     0.02091971    1.0463
  4.4615     0.01948404    1.0463
  4.5176     0.01812917    1.0463
  4.5745     0.01685184    1.0463
  4.6320     0.01564883    1.0463
  4.6903     0.01451698    1.0463
  4.7493     0.01345320    1.0463
  4.8090     0.01245444    1.0463
  4.8695     0.01151773    1.0463
  4.9308     0.01064017    1.0463
  4.9928     0.00981891    1.0463
  5.0556     0.00905119    1.0463
  5.1192     0.00833432    1.0463
  5.1836     0.00766570    1.0463
  5.2488     0.00704278    1.0463
  5.3148     0.00646311    1.0463
  5.3817     0.00592433    1.0463
  5.4494     0.00542414    1.0463
  5.5179     0.00496033    1.0463
  5.5873     0.00453077    1.0463
  5.6576     0.00413342    1.0463
  5.7288     0.00376632    1.0463
  5.8009     0.00342760    1.0463
  5.8738     0.00311544    1.0463
  5.9477     0.00282814    1.0463
  6.0225     0.00256406    1.0463
  6.0983     0.00232164    1.0463
  6.1750     0.00209939    1.0463
  6.2527     0.00189591    1.0463
  6.3313     0.00170987    1.0463
  6.4110     0.00154000    1.0463
  6.4916     0.00138510    1.0463
  6.5733     0.00124407    1.0463
  6.6560     0.00111583    1.0463
  6.7397     0.00099940    1.0463
  6.8245     0.00089383    1.0463
  6.9103     0.00079826    1.0463
  6.9972     0.00071186    1.0463
  7.0852     0.00063388    1.0463
  7.1744     0.00056359    1.0463
  7.2646     0.00050033    1.0463
  7.3560     0.00044349    1.0463
  7.4485     0.00039250    1.0463
  7.5422     0.00034683    1.0463
  7.6371     0.00030599    1.0463
  7.7332     0.00026952    1.0463
  7.8304     0.00023701    1.0463
  7.9289     0.00020808    1.0463
  8.0287     0.00018237    1.0463
  8.1297     0.00015958    1.0463
  8.2319     0.00013939    1.0463
  8.3355     0.00012155    1.0463
  8.4403     0.00010580    1.0463
  8.5465     0.00009194    1.0463
  8.6540     0.00007974    1.0463
  8.7629     0.00006904    1.0463
  8.8731     0.00005967    1.0463
  8.9847     0.00005147    1.0463
  9.0977     0.00004432    1.0463
  9.2122     0.00003808    1.0463
  9.3280     0.00003267    1.0463
  9.4454     0.00002796    1.0463
  9.5642     0.00002389    1.0463
  9.6845     0.00002037    1.0463
  9.8063     0.00001733    1.0463
  9.9297     0.00001472    1.0463
 10.0546     0.00001247    1.0463
 10.1810     0.00001055    1.0463
 10.3091     0.00000890    1.0463
 10.4388     0.00000750    1.0463
 10.5701     0.00000630    1.0463
 10.7031     0.00000528    1.0463
 10.8377     0.00000442    1.0463
 10.9740     0.00000369    1.0463
 11.1121     0.00000307    1.0463
 11.2518     0.00000255    1.0463
 11.3934     0.00000211    1.0463
 11.5367     0.00000175    1.0463
 11.6818     0.00000144    1.0463
 11.8287     0.00000119    1.0463
 11.9775     0.00000097    1.0463
 12.1282     0.00000080    1.0463
 12.2808     0.00000065    1.0463
 12.4352     0.00000053    1.0463
 12.5916     0.00000043    1.0463
 12.7500     0.00000035    1.0463
 12.9104     0.00000028    1.0463
 13.0728     0.00000023    1.0463
 13.2373     0.00000018    1.0463
 13.4038     0.00000015    1.0463
 13.5724     0.00000012    1.0463
 13.7431     0.00000009    1.0463
 13.9160     0.00000007    1.0463
 14.0910     0.00000006    1.0463
 14.2682     0.00000005    1.0463
 14.4477     0.00000004    1.0463
 14.6295     0.00000003    1.0463
 14.8135     0.00000002    1.0463
 14.9998     0.00000002    1.0463
 15.1885     0.00000001    1.0463
 15.3795     0.00000001    1.0463
 15.5730     0.00000001    1.0463
 15.7689     0.00000001    1.0463
 15.9672     0.00000000    1.0463
 16.1681     0.00000000    1.0463
 16.3715     0.00000000    1.0463
 16.5774     0.00000000    1.0463
 16.7859     0.00000000    1.0463
 16.9971     0.00000000    1.0463
 17.2109     0.00000000    1.0463
 17.4273     0.00000000    1.0463
 17.6466     0.00000000    1.0463
 17.8685     0.00000000    1.0463
 18.0933     0.00000000    1.0463
 18.3209     0.00000000    1.0463
 18.5513     0.00000000    1.0463
 18.7847     0.00000000    1.0463
 19.0210     0.00000000    1.0463
 19.2602     0.00000000    1.0463
 19.5025     0.00000000    1.0463
 19.7478     0.00000000    1.0463
 19.9962     0.00000000    1.0463
 20.2477     0.00000000    1.0463
 20.5024     0.00000000    1.0463
 20.7603     0.00000000    1.0463
 21.0215     0.00000000    1.0463
 21.2859     0.00000000    1.0463
 21.5536     0.00000000    1.0463
 21.8247     0.00000000    1.0463
 22.0993     0.00000000    1.0463
 22.3772     0.00000000    1.0463
 22.6587     0.00000000    1.0463
 22.9437     0.00000000    1.0463
 23.2323     0.00000000    1.0463
 23.5246     0.00000000    1.0463
 23.8205     0.00000000    1.0463
 24.1201     0.00000000    1.0463
 24.4235     0.00000000    1.0463
 24.7307     0.00000000    1.0463
 25.0418     0.00000000    1.0463
 25.3568     0.00000000    1.0463
 25.6757     0.00000000    1.0463
 25.9987     0.00000000    1.0463
 26.3257     0.00000000    1.0463
 26.6569     0.00000000    1.0463
 26.9922     0.00000000    1.0463
 27.3317     0.00000000    1.0463
 27.6755     0.00000000    1.0463
 28.0236     0.00000000    1.0463
 28.3761     0.00000000    1.0463
 28.7330     0.00000000    1.0463
 29.0945     0.00000000    1.0463
 29.4604     0.00000000    1.0463
 29.8310     0.00000000    1.0463
 30.2062     0.00000000    1.0463
 30.5862     0.00000000    1.0463
 30.9709     0.00000000    1.0463
 31.3605     0.00000000    1.0463
 31.7550     0.00000000    1.0463
 32.1544     0.00000000    1.0463
 32.5588     0.00000000    1.0463
 32.9684     0.00000000    1.0463
 33.3831     0.00000000    1.0463
 33.8030     0.00000000    1.0463
 34.2282     0.00000000    1.0463
 34.6587     0.00000000    1.0463
 35.0947     0.00000000    1.0463
 35.5361     0.00000000    1.0463
 35.9831     0.00000000    1.0463
 36.4357     0.00000000    1.0463
 36.8940     0.00000000    1.0463
 37.3581     0.00000000    1.0463
 37.8280     0.00000000    1.0463
 38.3038     0.00000000    1.0463
 38.7857     0.00000000    1.0463
 39.2735     0.00000000    1.0463
 39.7675     0.00000000    1.0463
 40.2677     0.00000000    1.0463
 40.7743     0.00000000    1.0463
 41.2871     0.00000000    1.0463
