 O  pb rel nc  
 ATM4.2.7   1-SEP-24 Troullier-Martins                       
 2s 2.00r r= 1.05/2p 4.00r r= 1.02/                                    
   2  1 1029  0.309844022083E-03  0.125000000000E-01   6.00000000000    
 Radial grid follows
  0.389735801693E-05  0.784373876281E-05  0.118397588677E-04  0.158860427178E-04
  0.199832225532E-04  0.241319385666E-04  0.283328390034E-04  0.325865802628E-04
  0.368938270004E-04  0.412552522324E-04  0.456715374403E-04  0.501433726777E-04
  0.546714566780E-04  0.592564969634E-04  0.638992099558E-04  0.686003210887E-04
  0.733605649201E-04  0.781806852479E-04  0.830614352256E-04  0.880035774804E-04
  0.930078842321E-04  0.980751374137E-04  0.103206128794E-03  0.108401660101E-03
  0.113662543146E-03  0.118989599954E-03  0.124383662888E-03  0.129845574781E-03
  0.135376189068E-03  0.140976369919E-03  0.146646992373E-03  0.152388942477E-03
  0.158203117422E-03  0.164090425685E-03  0.170051787170E-03  0.176088133351E-03
  0.182200407420E-03  0.188389564433E-03  0.194656571457E-03  0.201002407725E-03
  0.207428064787E-03  0.213934546665E-03  0.220522870010E-03  0.227194064261E-03
  0.233949171805E-03  0.240789248143E-03  0.247715362049E-03  0.254728595743E-03
  0.261830045058E-03  0.269020819608E-03  0.276302042968E-03  0.283674852843E-03
  0.291140401250E-03  0.298699854695E-03  0.306354394360E-03  0.314105216280E-03
  0.321953531539E-03  0.329900566451E-03  0.337947562756E-03  0.346095777814E-03
  0.354346484801E-03  0.362700972906E-03  0.371160547534E-03  0.379726530512E-03
  0.388400260291E-03  0.397183092161E-03  0.406076398455E-03  0.415081568772E-03
  0.424200010187E-03  0.433433147476E-03  0.442782423334E-03  0.452249298606E-03
  0.461835252510E-03  0.471541782870E-03  0.481370406352E-03  0.491322658699E-03
  0.501400094969E-03  0.511604289783E-03  0.521936837567E-03  0.532399352802E-03
  0.542993470279E-03  0.553720845349E-03  0.564583154186E-03  0.575582094048E-03
  0.586719383543E-03  0.597996762894E-03  0.609415994214E-03  0.620978861782E-03
  0.632687172320E-03  0.644542755274E-03  0.656547463104E-03  0.668703171570E-03
  0.681011780026E-03  0.693475211716E-03  0.706095414078E-03  0.718874359044E-03
  0.731814043350E-03  0.744916488848E-03  0.758183742822E-03  0.771617878307E-03
  0.785220994414E-03  0.798995216658E-03  0.812942697289E-03  0.827065615629E-03
  0.841366178413E-03  0.855846620133E-03  0.870509203387E-03  0.885356219235E-03
  0.900389987551E-03  0.915612857394E-03  0.931027207368E-03  0.946635445996E-03
  0.962440012097E-03  0.978443375167E-03  0.994648035764E-03  0.101105652590E-02
  0.102767140943E-02  0.104449528247E-02  0.106153077378E-02  0.107878054520E-02
  0.109624729202E-02  0.111393374348E-02  0.113184266311E-02  0.114997684922E-02
  0.116833913530E-02  0.118693239052E-02  0.120575952009E-02  0.122482346580E-02
  0.124412720643E-02  0.126367375822E-02  0.128346617537E-02  0.130350755048E-02
  0.132380101505E-02  0.134434973998E-02  0.136515693606E-02  0.138622585444E-02
  0.140755978719E-02  0.142916206778E-02  0.145103607161E-02  0.147318521654E-02
  0.149561296342E-02  0.151832281662E-02  0.154131832460E-02  0.156460308048E-02
  0.158818072252E-02  0.161205493479E-02  0.163622944769E-02  0.166070803852E-02
  0.168549453213E-02  0.171059280144E-02  0.173600676811E-02  0.176174040314E-02
  0.178779772744E-02  0.181418281254E-02  0.184089978115E-02  0.186795280785E-02
  0.189534611974E-02  0.192308399708E-02  0.195117077396E-02  0.197961083901E-02
  0.200840863603E-02  0.203756866475E-02  0.206709548148E-02  0.209699369984E-02
  0.212726799149E-02  0.215792308685E-02  0.218896377585E-02  0.222039490864E-02
  0.225222139642E-02  0.228444821213E-02  0.231708039128E-02  0.235012303271E-02
  0.238358129941E-02  0.241746041930E-02  0.245176568605E-02  0.248650245994E-02
  0.252167616865E-02  0.255729230816E-02  0.259335644355E-02  0.262987420992E-02
  0.266685131324E-02  0.270429353127E-02  0.274220671442E-02  0.278059678671E-02
  0.281946974666E-02  0.285883166826E-02  0.289868870188E-02  0.293904707526E-02
  0.297991309449E-02  0.302129314496E-02  0.306319369239E-02  0.310562128383E-02
  0.314858254867E-02  0.319208419969E-02  0.323613303413E-02  0.328073593470E-02
  0.332589987069E-02  0.337163189906E-02  0.341793916553E-02  0.346482890571E-02
  0.351230844621E-02  0.356038520581E-02  0.360906669661E-02  0.365836052518E-02
  0.370827439378E-02  0.375881610155E-02  0.380999354576E-02  0.386181472296E-02
  0.391428773033E-02  0.396742076687E-02  0.402122213475E-02  0.407570024052E-02
  0.413086359651E-02  0.418672082210E-02  0.424328064509E-02  0.430055190307E-02
  0.435854354480E-02  0.441726463158E-02  0.447672433871E-02  0.453693195688E-02
  0.459789689366E-02  0.465962867494E-02  0.472213694645E-02  0.478543147521E-02
  0.484952215114E-02  0.491441898853E-02  0.498013212765E-02  0.504667183630E-02
  0.511404851145E-02  0.518227268084E-02  0.525135500465E-02  0.532130627711E-02
  0.539213742827E-02  0.546385952563E-02  0.553648377591E-02  0.561002152681E-02
  0.568448426874E-02  0.575988363667E-02  0.583623141189E-02  0.591353952390E-02
  0.599182005225E-02  0.607108522844E-02  0.615134743780E-02  0.623261922147E-02
  0.631491327834E-02  0.639824246701E-02  0.648261980784E-02  0.656805848497E-02
  0.665457184835E-02  0.674217341589E-02  0.683087687550E-02  0.692069608727E-02
  0.701164508565E-02  0.710373808160E-02  0.719698946483E-02  0.729141380607E-02
  0.738702585931E-02  0.748384056413E-02  0.758187304802E-02  0.768113862876E-02
  0.778165281679E-02  0.788343131767E-02  0.798649003449E-02  0.809084507039E-02
  0.819651273104E-02  0.830350952725E-02  0.841185217747E-02  0.852155761047E-02
  0.863264296794E-02  0.874512560720E-02  0.885902310388E-02  0.897435325471E-02
  0.909113408025E-02  0.920938382774E-02  0.932912097396E-02  0.945036422806E-02
  0.957313253456E-02  0.969744507626E-02  0.982332127723E-02  0.995078080590E-02
  0.100798435781E-01  0.102105297601E-01  0.103428597719E-01  0.104768542903E-01
  0.106125342523E-01  0.107499208582E-01  0.108890355748E-01  0.110299001391E-01
  0.111725365615E-01  0.113169671292E-01  0.114632144099E-01  0.116113012549E-01
  0.117612508030E-01  0.119130864843E-01  0.120668320234E-01  0.122225114433E-01
  0.123801490692E-01  0.125397695323E-01  0.127013977737E-01  0.128650590481E-01
  0.130307789280E-01  0.131985833073E-01  0.133684984058E-01  0.135405507732E-01
  0.137147672930E-01  0.138911751868E-01  0.140698020187E-01  0.142506756996E-01
  0.144338244913E-01  0.146192770113E-01  0.148070622367E-01  0.149972095095E-01
  0.151897485406E-01  0.153847094146E-01  0.155821225944E-01  0.157820189264E-01
  0.159844296447E-01  0.161893863764E-01  0.163969211464E-01  0.166070663825E-01
  0.168198549202E-01  0.170353200083E-01  0.172534953135E-01  0.174744149262E-01
  0.176981133656E-01  0.179246255849E-01  0.181539869773E-01  0.183862333807E-01
  0.186214010844E-01  0.188595268335E-01  0.191006478359E-01  0.193448017671E-01
  0.195920267767E-01  0.198423614941E-01  0.200958450347E-01  0.203525170056E-01
  0.206124175125E-01  0.208755871654E-01  0.211420670849E-01  0.214118989092E-01
  0.216851248001E-01  0.219617874495E-01  0.222419300867E-01  0.225255964845E-01
  0.228128309663E-01  0.231036784132E-01  0.233981842705E-01  0.236963945555E-01
  0.239983558641E-01  0.243041153784E-01  0.246137208740E-01  0.249272207272E-01
  0.252446639232E-01  0.255661000631E-01  0.258915793718E-01  0.262211527063E-01
  0.265548715629E-01  0.268927880861E-01  0.272349550758E-01  0.275814259965E-01
  0.279322549848E-01  0.282874968586E-01  0.286472071250E-01  0.290114419896E-01
  0.293802583648E-01  0.297537138790E-01  0.301318668852E-01  0.305147764706E-01
  0.309025024657E-01  0.312951054535E-01  0.316926467789E-01  0.320951885587E-01
  0.325027936906E-01  0.329155258640E-01  0.333334495691E-01  0.337566301072E-01
  0.341851336012E-01  0.346190270056E-01  0.350583781172E-01  0.355032555854E-01
  0.359537289234E-01  0.364098685184E-01  0.368717456431E-01  0.373394324669E-01
  0.378130020668E-01  0.382925284389E-01  0.387780865103E-01  0.392697521503E-01
  0.397676021828E-01  0.402717143977E-01  0.407821675637E-01  0.412990414402E-01
  0.418224167896E-01  0.423523753905E-01  0.428890000500E-01  0.434323746168E-01
  0.439825839942E-01  0.445397141537E-01  0.451038521478E-01  0.456750861243E-01
  0.462535053398E-01  0.468392001733E-01  0.474322621409E-01  0.480327839097E-01
  0.486408593125E-01  0.492565833623E-01  0.498800522672E-01  0.505113634455E-01
  0.511506155409E-01  0.517979084377E-01  0.524533432769E-01  0.531170224715E-01
  0.537890497227E-01  0.544695300360E-01  0.551585697381E-01  0.558562764926E-01
  0.565627593177E-01  0.572781286028E-01  0.580024961258E-01  0.587359750705E-01
  0.594786800447E-01  0.602307270973E-01  0.609922337374E-01  0.617633189518E-01
  0.625441032243E-01  0.633347085539E-01  0.641352584743E-01  0.649458780730E-01
  0.657666940112E-01  0.665978345428E-01  0.674394295353E-01  0.682916104897E-01
  0.691545105609E-01  0.700282645788E-01  0.709130090693E-01  0.718088822755E-01
  0.727160241794E-01  0.736345765238E-01  0.745646828343E-01  0.755064884420E-01
  0.764601405059E-01  0.774257880360E-01  0.784035819169E-01  0.793936749306E-01
  0.803962217814E-01  0.814113791191E-01  0.824393055643E-01  0.834801617324E-01
  0.845341102593E-01  0.856013158268E-01  0.866819451877E-01  0.877761671928E-01
  0.888841528162E-01  0.900060751832E-01  0.911421095962E-01  0.922924335631E-01
  0.934572268243E-01  0.946366713810E-01  0.958309515240E-01  0.970402538618E-01
  0.982647673506E-01  0.995046833228E-01  0.100760195518      0.102031500113    
  0.103318795750      0.104622283574      0.105942167256      0.107278653031    
  0.108631949728      0.110002268801      0.111389824366      0.112794833232    
  0.114217514934      0.115658091769      0.117116788830      0.118593834041    
  0.120089458193      0.121603894981      0.123137381040      0.124690155978    
  0.126262462420      0.127854546043      0.129466655613      0.131099043025    
  0.132751963343      0.134425674838      0.136120439033      0.137836520737    
  0.139574188092      0.141333712611      0.143115369224      0.144919436319    
  0.146746195784      0.148595933054      0.150468937156      0.152365500748    
  0.154285920174      0.156230495502      0.158199530577      0.160193333064    
  0.162212214499      0.164256490336      0.166326479998      0.168422506925    
  0.170544898625      0.172693986726      0.174870107027      0.177073599552    
  0.179304808601      0.181564082805      0.183851775180      0.186168243183    
  0.188513848766      0.190888958436      0.193293943307      0.195729179164    
  0.198195046517      0.200691930664      0.203220221746      0.205780314815    
  0.208372609891      0.210997512025      0.213655431364      0.216346783211    
  0.219071988098      0.221831471842      0.224625665619      0.227455006027    
  0.230319935156      0.233220900657      0.236158355812      0.239132759605    
  0.242144576791      0.245194277974      0.248282339676      0.251409244412    
  0.254575480767      0.257781543474      0.261027933484      0.264315158055    
  0.267643730820      0.271014171876      0.274427007862      0.277882772039    
  0.281382004380      0.284925251644      0.288513067473      0.292146012469    
  0.295824654287      0.299549567724      0.303321334803      0.307140544873    
  0.311007794690      0.314923688523      0.318888838236      0.322903863392    
  0.326969391348      0.331086057351      0.335254504637      0.339475384535    
  0.343749356567      0.348077088549      0.352459256697      0.356896545736    
  0.361389648999      0.365939268545      0.370546115259      0.375210908971    
  0.379934378565      0.384717262093      0.389560306889      0.394464269689    
  0.399429916748      0.404458023958      0.409549376970      0.414704771320    
  0.419925012548      0.425210916327      0.430563308590      0.435983025661    
  0.441470914379      0.447027832241      0.452654647524      0.458352239430    
  0.464121498221      0.469963325353      0.475878633625      0.481868347315    
  0.487933402329      0.494074746343      0.500293338955      0.506590151834    
  0.512966168867      0.519422386322      0.525959812996      0.532579470374    
  0.539282392792      0.546069627594      0.552942235301      0.559901289770    
  0.566947878369      0.574083102141      0.581308075980      0.588623928802    
  0.596031803724      0.603532858242      0.611128264410      0.618819209027    
  0.626606893818      0.634492535625      0.642477366596      0.650562634375    
  0.658749602304      0.667039549612      0.675433771621      0.683933579944    
  0.692540302694      0.701255284690      0.710079887664      0.719015490479    
  0.728063489341      0.737225298018      0.746502348061      0.755896089030    
  0.765407988713      0.775039533366      0.784792227937      0.794667596303    
  0.804667181512      0.814792546019      0.825045271933      0.835426961263    
  0.845939236169      0.856583739215      0.867362133628      0.878276103552    
  0.889327354317      0.900517612705      0.911848627216      0.923322168344    
  0.934940028853      0.946704024058      0.958615992105      0.970677794266    
  0.982891315221      0.995258463357       1.00778117107       1.02046139505    
   1.03330111661       1.04630234199       1.05946710266       1.07279745563    
   1.08629548379       1.09996329625       1.11380302863       1.12781684341    
   1.14200693028       1.15637550647       1.17092481710       1.18565713552    
   1.20057476370       1.21568003255       1.23097530228       1.24646296283    
   1.26214543416       1.27802516670       1.29410464169       1.31038637157    
   1.32687290040       1.34356680424       1.36047069153       1.37758720356    
   1.39491901480       1.41246883339       1.43023940152       1.44823349588    
   1.46645392809       1.48490354512       1.50358522976       1.52250190107    
   1.54165651481       1.56105206393       1.58069157903       1.60057812881    
   1.62071482060       1.64110480079       1.66175125536       1.68265741035    
   1.70382653241       1.72526192924       1.74696695017       1.76894498665    
   1.79119947280       1.81373388593       1.83655174708       1.85965662159    
   1.88305211964       1.90674189684       1.93072965474       1.95501914150    
   1.97961415239       2.00451853043       2.02973616699       2.05527100237    
   2.08112702643       2.10730827924       2.13381885167       2.16066288605    
   2.18784457681       2.21536817116       2.24323796970       2.27145832716    
   2.30003365301       2.32896841222       2.35826712589       2.38793437201    
   2.41797478615       2.44839306218       2.47919395302       2.51038227138    
   2.54196289048       2.57394074488       2.60632083116       2.63910820880    
   2.67230800087       2.70592539492       2.73996564373       2.77443406616    
   2.80933604797       2.84467704267       2.88046257236       2.91669822860    
   2.95338967328       2.99054263952       3.02816293255       3.06625643062    
   3.10482908590       3.14388692546       3.18343605215       3.22348264563    
   3.26403296324       3.30509334105       3.34667019483       3.38877002106    
   3.43139939791       3.47456498631       3.51827353097       3.56253186145    
   3.60734689319       3.65272562863       3.69867515830       3.74520266190    
   3.79231540945       3.84002076242       3.88832617485       3.93723919457    
   3.98676746434       4.03691872305       4.08770080694       4.13912165081    
   4.19118928928       4.24391185801       4.29729759502       4.35135484193    
   4.40609204530       4.46151775793       4.51764064021       4.57446946144    
   4.63201310124       4.69028055093       4.74928091491       4.80902341211    
   4.86951737741       4.93077226313       4.99279764046       5.05560320099    
   5.11919875822       5.18359424908       5.24879973551       5.31482540599    
   5.38168157716       5.44937869544       5.51792733865       5.58733821764    
   5.65762217801       5.72879020177       5.80085340907       5.87382305993    
   5.94771055600       6.02252744237       6.09828540931       6.17499629417    
   6.25267208318       6.33132491333       6.41096707430       6.49161101033    
   6.57326932220       6.65595476919       6.73968027107       6.82445891012    
   6.91030393317       6.99722875368       7.08524695384       7.17437228666    
   7.26461867816       7.35600022952       7.44853121930       7.54222610565    
   7.63709952858       7.73316631227       7.83044146735       7.92894019324    
   8.02867788059       8.12967011361       8.23193267253       8.33548153609    
   8.44033288402       8.54650309955       8.65400877199       8.76286669931    
   8.87309389081       8.98470756969       9.09772517582       9.21216436843    
   9.32804302888       9.44537926344       9.56419140615       9.68449802164    
   9.80631790805       9.92967010001       10.0545738715       10.1810487391    
   10.3091144647       10.4387910587       10.5700987836       10.7030581563    
   10.8376899520       10.9740152072       11.1120552230       11.2518315685    
   11.3933660840       11.5366808846       11.6817983634       11.8287411953    
   11.9775323406       12.1281950481       12.2807528591       12.4352296112    
   12.5916494416       12.7500367913       12.9104164086       13.0728133531    
   13.2372529997       13.4037610425       13.5723634986       13.7430867125    
   13.9159573601       14.0910024527       14.2682493416       14.4477257219    
   14.6294596371       14.8134794836       14.9998140148       15.1884923458    
   15.3795439581       15.5729987039       15.7688868108       15.9672388867    
   16.1680859247       16.3714593073       16.5773908122       16.7859126166    
   16.9970573024       17.2108578613       17.4273477003       17.6465606462    
   17.8685309515       18.0932932995       18.3208828098       18.5513350438    
   18.7846860100       19.0209721701       19.2602304441       19.5024982168    
   19.7478133429       19.9962141534       20.2477394615       20.5024285685    
   20.7603212700       21.0214578625       21.2858791489       21.5536264456    
   21.8247415887       22.0992669405       22.3772453962       22.6587203904    
   22.9437359041       23.2323364717       23.5245671876       23.8204737133    
   24.1201022849       24.4234997200       24.7307134251       25.0417914028    
   25.3567822598       25.6757352141       25.9987001026       26.3257273893    
   26.6568681729       26.9921741948       27.3316978472       27.6754921815    
   28.0236109161       28.3761084454       28.7330398477       29.0944608944    
   29.4604280583       29.8309985223       30.2062301890       30.5861816890    
   30.9709123906       31.3604824086       31.7549526142       32.1543846442    
   32.5588409106       32.9683846106       33.3830797362       33.8029910842    
   34.2281842669       34.6587257214       35.0946827207       35.5361233840    
   35.9831166873       36.4357324741       36.8940414668       37.3581152769    
   37.8280264169       38.3038483114       38.7856553086       39.2735226917    
   39.7675266911       40.2677444958       40.7742542659       41.2871351447    
   41.8064672707       42.3323317907       42.8648108721       43.4039877158    
   43.9499465693       44.5027727398       45.0625526075       45.6293736391    
   46.2033244017       46.7844945760       47.3729749712       47.9688575386    
   48.5722353860       49.1832027924       49.8018552227       50.4282893426    
   51.0626030337       51.7048954089       52.3552668275       53.0138189116    
   53.6806545611       54.3558779705       55.0395946449       55.7319114163    
   56.4329364607       57.1427793146       57.8615508925       58.5893635038    
   59.3263308708       60.0725681461       60.8281919308       61.5933202926    
   62.3680727845       63.1525704631       63.9469359077       64.7512932395    
   65.5657681411       66.3904878757       67.2255813076       68.0711789217    
   68.9274128445       69.7944168641       70.6723264518       71.5612787827    
   72.4614127574       73.3728690237       74.2957899985       75.2303198900    
   76.1766047205       77.1347923488       78.1050324938       79.0874767575    
   80.0822786487       81.0895936073       82.1095790283       83.1423942865    
   84.1882007614       85.2471618623       86.3194430541       87.4052118830    
   88.5046380024       89.6178932000       90.7451514241       91.8865888112    
   93.0423837132       94.2127167253       95.3977707145       96.5977308479    
   97.8127846216       99.0431218904       100.288934897       101.550418302    
   102.827769215       104.121187224       105.430874429       106.757035472    
   108.099877566       109.459610535       110.836446839       112.230601612    
   113.642292693       115.071740662       116.519168873       117.984803490    
   119.468873521    
 Down Pswavefunction (R/r) follows (l,n on next line)
  0 2
  0.458882706444E-05  0.923537446799E-05  0.139403682434E-04  0.187045435557E-04
  0.235286448174E-04  0.284134258044E-04  0.333596497739E-04  0.383680895840E-04
  0.434395278139E-04  0.485747568866E-04  0.537745791925E-04  0.590398072148E-04
  0.643712636567E-04  0.697697815695E-04  0.752362044834E-04  0.807713865384E-04
  0.863761926188E-04  0.920514984876E-04  0.977981909235E-04  0.103617167860E-03
  0.109509338524E-03  0.115475623580E-03  0.121516955275E-03  0.127634277578E-03
  0.133828546335E-03  0.140100729414E-03  0.146451806857E-03  0.152882771035E-03
  0.159394626800E-03  0.165988391643E-03  0.172665095856E-03  0.179425782688E-03
  0.186271508512E-03  0.193203342988E-03  0.200222369230E-03  0.207329683979E-03
  0.214526397767E-03  0.221813635098E-03  0.229192534620E-03  0.236664249303E-03
  0.244229946619E-03  0.251890808726E-03  0.259648032653E-03  0.267502830483E-03
  0.275456429548E-03  0.283510072616E-03  0.291665018088E-03  0.299922540194E-03
  0.308283929193E-03  0.316750491570E-03  0.325323550248E-03  0.334004444788E-03
  0.342794531601E-03  0.351695184160E-03  0.360707793214E-03  0.369833767007E-03
  0.379074531494E-03  0.388431530569E-03  0.397906226287E-03  0.407500099094E-03
  0.417214648058E-03  0.427051391101E-03  0.437011865242E-03  0.447097626831E-03
  0.457310251794E-03  0.467651335883E-03  0.478122494921E-03  0.488725365053E-03
  0.499461603009E-03  0.510332886355E-03  0.521340913760E-03  0.532487405259E-03
  0.543774102524E-03  0.555202769134E-03  0.566775190852E-03  0.578493175901E-03
  0.590358555253E-03  0.602373182908E-03  0.614538936189E-03  0.626857716032E-03
  0.639331447283E-03  0.651962079003E-03  0.664751584768E-03  0.677701962978E-03
  0.690815237172E-03  0.704093456342E-03  0.717538695254E-03  0.731153054771E-03
  0.744938662182E-03  0.758897671535E-03  0.773032263975E-03  0.787344648080E-03
  0.801837060212E-03  0.816511764861E-03  0.831371055003E-03  0.846417252458E-03
  0.861652708248E-03  0.877079802973E-03  0.892700947174E-03  0.908518581716E-03
  0.924535178166E-03  0.940753239181E-03  0.957175298898E-03  0.973803923333E-03
  0.990641710775E-03  0.100769129220E-02  0.102495533168E-02  0.104243652680E-02
  0.106013760906E-02  0.107806134434E-02  0.109621053331E-02  0.111458801187E-02
  0.113319665157E-02  0.115203936011E-02  0.117111908174E-02  0.119043879779E-02
  0.121000152703E-02  0.122981032625E-02  0.124986829069E-02  0.127017855449E-02
  0.129074429124E-02  0.131156871447E-02  0.133265507808E-02  0.135400667696E-02
  0.137562684741E-02  0.139751896770E-02  0.141968645861E-02  0.144213278395E-02
  0.146486145108E-02  0.148787601152E-02  0.151118006142E-02  0.153477724221E-02
  0.155867124109E-02  0.158286579166E-02  0.160736467449E-02  0.163217171770E-02
  0.165729079757E-02  0.168272583914E-02  0.170848081683E-02  0.173455975503E-02
  0.176096672880E-02  0.178770586442E-02  0.181478134011E-02  0.184219738662E-02
  0.186995828795E-02  0.189806838197E-02  0.192653206114E-02  0.195535377314E-02
  0.198453802165E-02  0.201408936696E-02  0.204401242677E-02  0.207431187682E-02
  0.210499245173E-02  0.213605894562E-02  0.216751621297E-02  0.219936916930E-02
  0.223162279198E-02  0.226428212100E-02  0.229735225974E-02  0.233083837579E-02
  0.236474570175E-02  0.239907953605E-02  0.243384524377E-02  0.246904825749E-02
  0.250469407813E-02  0.254078827581E-02  0.257733649075E-02  0.261434443410E-02
  0.265181788886E-02  0.268976271081E-02  0.272818482939E-02  0.276709024861E-02
  0.280648504806E-02  0.284637538379E-02  0.288676748930E-02  0.292766767652E-02
  0.296908233680E-02  0.301101794190E-02  0.305348104498E-02  0.309647828168E-02
  0.314001637110E-02  0.318410211689E-02  0.322874240831E-02  0.327394422128E-02
  0.331971461950E-02  0.336606075554E-02  0.341298987198E-02  0.346050930251E-02
  0.350862647309E-02  0.355734890313E-02  0.360668420664E-02  0.365664009345E-02
  0.370722437039E-02  0.375844494251E-02  0.381030981434E-02  0.386282709114E-02
  0.391600498014E-02  0.396985179184E-02  0.402437594135E-02  0.407958594962E-02
  0.413549044486E-02  0.419209816385E-02  0.424941795329E-02  0.430745877123E-02
  0.436622968845E-02  0.442573988985E-02  0.448599867595E-02  0.454701546430E-02
  0.460879979096E-02  0.467136131201E-02  0.473470980505E-02  0.479885517072E-02
  0.486380743429E-02  0.492957674717E-02  0.499617338856E-02  0.506360776703E-02
  0.513189042213E-02  0.520103202610E-02  0.527104338548E-02  0.534193544283E-02
  0.541371927845E-02  0.548640611212E-02  0.556000730482E-02  0.563453436057E-02
  0.570999892817E-02  0.578641280308E-02  0.586378792924E-02  0.594213640092E-02
  0.602147046468E-02  0.610180252124E-02  0.618314512743E-02  0.626551099817E-02
  0.634891300846E-02  0.643336419541E-02  0.651887776026E-02  0.660546707046E-02
  0.669314566180E-02  0.678192724047E-02  0.687182568526E-02  0.696285504974E-02
  0.705502956444E-02  0.714836363907E-02  0.724287186483E-02  0.733856901668E-02
  0.743547005564E-02  0.753359013117E-02  0.763294458351E-02  0.773354894613E-02
  0.783541894817E-02  0.793857051687E-02  0.804301978012E-02  0.814878306894E-02
  0.825587692011E-02  0.836431807874E-02  0.847412350088E-02  0.858531035624E-02
  0.869789603082E-02  0.881189812973E-02  0.892733447988E-02  0.904422313283E-02
  0.916258236762E-02  0.928243069367E-02  0.940378685364E-02  0.952666982642E-02
  0.965109883014E-02  0.977709332515E-02  0.990467301711E-02  0.100338578601E-01
  0.101646680598E-01  0.102971240765E-01  0.104312466286E-01  0.105670566957E-01
  0.107045755219E-01  0.108438246194E-01  0.109848257714E-01  0.111276010361E-01
  0.112721727498E-01  0.114185635305E-01  0.115667962817E-01  0.117168941957E-01
  0.118688807574E-01  0.120227797483E-01  0.121786152496E-01  0.123364116468E-01
  0.124961936328E-01  0.126579862124E-01  0.128218147061E-01  0.129877047538E-01
  0.131556823194E-01  0.133257736945E-01  0.134980055026E-01  0.136724047036E-01
  0.138489985979E-01  0.140278148307E-01  0.142088813966E-01  0.143922266436E-01
  0.145778792782E-01  0.147658683694E-01  0.149562233540E-01  0.151489740405E-01
  0.153441506144E-01  0.155417836429E-01  0.157419040798E-01  0.159445432700E-01
  0.161497329554E-01  0.163575052791E-01  0.165678927909E-01  0.167809284527E-01
  0.169966456435E-01  0.172150781647E-01  0.174362602456E-01  0.176602265493E-01
  0.178870121773E-01  0.181166526763E-01  0.183491840430E-01  0.185846427302E-01
  0.188230656529E-01  0.190644901939E-01  0.193089542099E-01  0.195564960377E-01
  0.198071545004E-01  0.200609689136E-01  0.203179790918E-01  0.205782253546E-01
  0.208417485338E-01  0.211085899794E-01  0.213787915666E-01  0.216523957025E-01
  0.219294453334E-01  0.222099839510E-01  0.224940556002E-01  0.227817048859E-01
  0.230729769805E-01  0.233679176309E-01  0.236665731667E-01  0.239689905069E-01
  0.242752171681E-01  0.245853012725E-01  0.248992915552E-01  0.252172373726E-01
  0.255391887107E-01  0.258651961929E-01  0.261953110886E-01  0.265295853217E-01
  0.268680714791E-01  0.272108228195E-01  0.275578932823E-01  0.279093374964E-01
  0.282652107893E-01  0.286255691967E-01  0.289904694712E-01  0.293599690926E-01
  0.297341262767E-01  0.301129999858E-01  0.304966499382E-01  0.308851366184E-01
  0.312785212873E-01  0.316768659925E-01  0.320802335790E-01  0.324886876995E-01
  0.329022928257E-01  0.333211142591E-01  0.337452181418E-01  0.341746714686E-01
  0.346095420976E-01  0.350498987627E-01  0.354958110848E-01  0.359473495842E-01
  0.364045856928E-01  0.368675917662E-01  0.373364410968E-01  0.378112079260E-01
  0.382919674576E-01  0.387787958710E-01  0.392717703344E-01  0.397709690184E-01
  0.402764711100E-01  0.407883568267E-01  0.413067074304E-01  0.418316052425E-01
  0.423631336579E-01  0.429013771606E-01  0.434464213388E-01  0.439983529000E-01
  0.445572596872E-01  0.451232306946E-01  0.456963560841E-01  0.462767272015E-01
  0.468644365935E-01  0.474595780250E-01  0.480622464959E-01  0.486725382595E-01
  0.492905508399E-01  0.499163830507E-01  0.505501350133E-01  0.511919081760E-01
  0.518418053334E-01  0.524999306457E-01  0.531663896589E-01  0.538412893252E-01
  0.545247380234E-01  0.552168455803E-01  0.559177232916E-01  0.566274839446E-01
  0.573462418396E-01  0.580741128131E-01  0.588112142608E-01  0.595576651607E-01
  0.603135860976E-01  0.610790992875E-01  0.618543286019E-01  0.626393995938E-01
  0.634344395234E-01  0.642395773842E-01  0.650549439302E-01  0.658806717032E-01
  0.667168950607E-01  0.675637502046E-01  0.684213752100E-01  0.692899100552E-01
  0.701694966520E-01  0.710602788763E-01  0.719624025999E-01  0.728760157228E-01
  0.738012682060E-01  0.747383121049E-01  0.756873016040E-01  0.766483930516E-01
  0.776217449959E-01  0.786075182213E-01  0.796058757858E-01  0.806169830596E-01
  0.816410077637E-01  0.826781200097E-01  0.837284923413E-01  0.847922997754E-01
  0.858697198448E-01  0.869609326423E-01  0.880661208650E-01  0.891854698600E-01
  0.903191676713E-01  0.914674050876E-01  0.926303756912E-01  0.938082759081E-01
  0.950013050596E-01  0.962096654147E-01  0.974335622439E-01  0.986732038741E-01
  0.999288017459E-01  0.101200570470      0.102488727890      0.103793495136    
  0.105115096696      0.106453760473      0.107809717854      0.109183203774    
  0.110574456789      0.111983719142      0.113411236840      0.114857259724    
  0.116322041549      0.117805840058      0.119308917067      0.120831538544    
  0.122373974695      0.123936500048      0.125519393548      0.127122938641    
  0.128747423374      0.130393140487      0.132060387515      0.133749466889    
  0.135460686038      0.137194357498      0.138950799023      0.140730333696    
  0.142533290046      0.144360002169      0.146210809844      0.148086058668    
  0.149986100179      0.151911291988      0.153861997919      0.155838588148    
  0.157841439343      0.159870934816      0.161927464672      0.164011425965    
  0.166123222857      0.168263266782      0.170431976614      0.172629778840    
  0.174857107733      0.177114405541      0.179402122664      0.181720717849    
  0.184070658386      0.186452420304      0.188866488579      0.191313357342    
  0.193793530093      0.196307519920      0.198855849724      0.201439052445    
  0.204057671299      0.206712260012      0.209403383065      0.212131615942    
  0.214897545378      0.217701769617      0.220544898673      0.223427554587    
  0.226350371703      0.229313996929      0.232319090014      0.235366323822    
  0.238456384608      0.241589972295      0.244767800754      0.247990598081    
  0.251259106872      0.254574084503      0.257936303395      0.261346551290    
  0.264805631506      0.268314363197      0.271873581601      0.275484138273    
  0.279146901316      0.282862755587      0.286632602894      0.290457362173    
  0.294337969641      0.298275378922      0.302270561153      0.306324505049    
  0.310438216940      0.314612720760      0.318849057994      0.323148287580    
  0.327511485747      0.331939745794      0.336434177803      0.340995908269    
  0.345626079655      0.350325849845      0.355096391505      0.359938891322    
  0.364854549130      0.369844576898      0.374910197570      0.380052643746    
  0.385273156192      0.390572982159      0.395953373490      0.401415584518    
  0.406960869702      0.412590481017      0.418305665056      0.424107659818    
  0.429997691176      0.435976968984      0.442046682804      0.448207997223    
  0.454462046725      0.460809930104      0.467252704363      0.473791378083    
  0.480426904226      0.487160172322      0.493992000030      0.500923124004    
  0.507954190062      0.515085742588      0.522318213156      0.529651908325    
  0.537086996578      0.544623494367      0.552261251239      0.559999934016    
  0.567839009999      0.575777729197      0.583815105543      0.591949897129    
  0.600180585434      0.608505353582      0.616922063659      0.625428233121    
  0.634021010373      0.642697149575      0.651452984801      0.660284403653    
  0.669186820491      0.678155149459      0.687183777501      0.696266537630    
  0.705396682712      0.714566860091      0.723769087408      0.732994730011    
  0.742234480405      0.751478340220      0.760715605231      0.769934853992    
  0.779123940712      0.788269992992      0.797359415123      0.806377897627    
  0.815310433764      0.824141343710      0.832854307111      0.841432404690    
  0.849858169531      0.858113648594      0.866180474931      0.874039950935    
  0.881673142832      0.889060986407      0.896184403786      0.903024430800    
  0.909562354226      0.915779857861      0.921659176043      0.927183252891    
  0.932335905133      0.937101985999      0.941467547272      0.945419996177    
  0.948948243449      0.952042838561      0.954696087854      0.956902151073    
  0.958657111748      0.959959016853      0.960807881362      0.961205653687    
  0.961156138523      0.960664874527      0.959738965366      0.958386864249    
  0.956618114039      0.954443047635      0.951872456523      0.948917239477    
  0.945588048465      0.941894955082      0.937847168578      0.933452846067    
  0.928719047051      0.923651898393      0.918257016063      0.912540201676    
  0.906507424943      0.900164967148      0.893519378589      0.886577469503    
  0.879346300641      0.871833173508      0.864045620297      0.855991393527    
  0.847678455419      0.839114967021      0.830309277103      0.821269910855    
  0.812005558393      0.802525063104      0.792837409851      0.782951713051    
  0.772877204655      0.762623222039      0.752199195838      0.741614637733    
  0.730879128207      0.720002304297      0.708993847345      0.697863470784    
  0.686620907960      0.675275900005      0.663838183781      0.652317479913    
  0.640723480911      0.629065839412      0.617354156536      0.605597970384    
  0.593806744680      0.581989857577      0.570156590629      0.558316117947    
  0.546477495554      0.534649650946      0.522841372861      0.511061301301    
  0.499317917778      0.487619535830      0.475974291809      0.464390135957    
  0.452874823782      0.441435907758      0.430080729368      0.418816411491    
  0.407649851177      0.396587712808      0.385636421672      0.374802157976    
  0.364090851307      0.353508175564      0.343059544385      0.332750107074    
  0.322584745062      0.312568068902      0.302704415811      0.292997847789    
  0.283452150294      0.274070831509      0.264857122177      0.255813976028    
  0.246944070775      0.238249809691      0.229733323738      0.221396474257    
  0.213240856183      0.205267801786      0.197478384900      0.189873425629    
  0.182453495497      0.175218923020      0.168169799663      0.161305986165    
  0.154627119183      0.148132618235      0.141821692911      0.135693350311    
  0.129746402680      0.123979475217      0.118391014013      0.112979294103    
  0.107742427589      0.102678371824      0.977849376122E-01  0.930597974161E-01
  0.885004935467E-01  0.841044463105E-01  0.798689621015E-01  0.757912414195E-01
  0.718683868023E-01  0.680974106584E-01  0.644752429900E-01  0.609987389993E-01
  0.576646865683E-01  0.544698136088E-01  0.514107952763E-01  0.484842610449E-01
  0.456868016404E-01  0.430149758285E-01  0.404653170563E-01  0.380343399452E-01
  0.357185466327E-01  0.335144329607E-01  0.314184945076E-01  0.294272324603E-01
  0.275371593219E-01  0.257448044511E-01  0.240467194268E-01  0.224394832318E-01
  0.209197072497E-01  0.194840400661E-01  0.181291720678E-01  0.168518398309E-01
  0.156488302901E-01  0.145169846809E-01  0.134532022470E-01  0.124544437051E-01
  0.115177344602E-01  0.106401675656E-01  0.981890642178E-02  0.905118720971E-02
  0.833432105612E-02  0.766569592788E-02  0.704277825514E-02  0.646311428373E-02
  0.592433115877E-02  0.542413774254E-02  0.496032517148E-02  0.453076715779E-02
  0.413342004310E-02  0.376632261212E-02  0.342759567582E-02  0.311544143426E-02
  0.282814263040E-02  0.256406150679E-02  0.232163857771E-02  0.209939122998E-02
  0.189591216605E-02  0.170986770324E-02  0.153999594313E-02  0.138510482553E-02
  0.124407008092E-02  0.111583309559E-02  0.999398703214E-03  0.893832916398E-03
  0.798260611368E-03  0.711863178421E-03  0.633876150340E-03  0.563586820324E-03
  0.500331860401E-03  0.443494950586E-03  0.392504428390E-03  0.346830967525E-03
  0.305985293936E-03  0.269515946526E-03  0.237007089201E-03  0.208076380098E-03
  0.182372903146E-03  0.159575166350E-03  0.139389170527E-03  0.121546551507E-03
  0.105802798189E-03  0.919355481928E-04  0.797429623112E-04  0.690421783528E-04
  0.596678445182E-04  0.514707319418E-04  0.443164256183E-04  0.380840925411E-04
  0.326653255294E-04  0.279630609157E-04  0.238905679960E-04  0.203705079141E-04
  0.173340594627E-04  0.147201091223E-04  0.124745025410E-04  0.105493545620E-04
  0.890241484969E-05  0.749648612689E-05  0.629889203005E-05  0.528099160211E-05
  0.441773747872E-05  0.368727487608E-05  0.307057855832E-05  0.255112504508E-05
  0.211459741490E-05  0.174862016370E-05  0.144252169008E-05  0.118712209617E-05
  0.974544114852E-06  0.798045098191E-06  0.651868127407E-06  0.531110429989E-06
  0.431607413268E-06  0.349830745497E-06  0.282799035649E-06  0.227999773049E-06
  0.183321302328E-06  0.146993732729E-06  0.117537707326E-06  0.937201366946E-07
  0.745162937472E-07  0.590767147986E-07  0.466995962658E-07  0.368065980194E-07
  0.289226338458E-07  0.226586097574E-07  0.176968260915E-07  0.137786746738E-07
  0.106943027795E-07  0.827395749850E-08  0.638076095047E-08  0.490469970816E-08
  0.375764103921E-08  0.286921448113E-08  0.218342010254E-08  0.165584485686E-08
  0.125138596931E-08  0.942395565939E-09  0.707173992787E-09  0.528750705407E-09
  0.393901439320E-09  0.292358789320E-09  0.216180502800E-09  0.159245885962E-09
  0.116855873651E-09  0.854166504057E-10  0.621903454141E-10  0.450993577972E-10
  0.325733893524E-10  0.234303472635E-10  0.167839967899E-10  0.119726522231E-10
  0.850434392810E-11  0.601483337134E-11  0.423560358582E-11  0.296956086800E-11
  0.207267103525E-11  0.144014247120E-11  0.996076937560E-12  0.685753086301E-12
  0.469899438102E-12  0.320463707039E-12  0.217502244753E-12  0.146903952281E-12
  0.987328394359E-13  0.660269794881E-13  0.439324895621E-13  0.290822082554E-13
  0.191521881566E-13  0.125467376255E-13  0.817591258579E-14  0.529914671574E-14
  0.341594496893E-14  0.218988646921E-14  0.139607387529E-14  0.884995724739E-15
  0.557814086103E-15  0.349560637548E-15  0.217775574343E-15  0.134870794624E-15
  0.830265356577E-16  0.508011989478E-16  0.308927439653E-16  0.186694515591E-16
  0.112115562719E-16  0.668999603207E-17  0.396622573532E-17  0.233607205076E-17
  0.136683956719E-17  0.794394554984E-18  0.458571358007E-18  0.262901899989E-18
  0.149678864111E-18  0.846195383669E-19  0.474993155890E-19  0.264711819709E-19
  0.146450547344E-19  0.804270988919E-20  0.438398698519E-20  0.237166271756E-20
  0.127325223588E-20  0.678288604481E-21  0.358520111445E-21  0.188005913702E-21
  0.978021106232E-22  0.504664914695E-22  0.258282694495E-22  0.131094257257E-22
  0.659821956312E-23  0.329293304600E-23  0.162933402087E-23  0.799219807516E-24
  0.388605376209E-24  0.187281624421E-24  0.894504366430E-25  0.423377370328E-25
  0.198558034242E-25  0.922610820160E-26  0.424695191663E-26  0.193651206705E-26
  0.874587712322E-27  0.391185715678E-27  0.173266717007E-27  0.759899039338E-28
  0.329959976866E-28  0.141836266012E-28  0.603517735451E-29  0.254170785303E-29
  0.105937635913E-29  0.436938480360E-30  0.178316749460E-30  0.719983325181E-31
  0.287586184132E-31  0.113628149866E-31  0.444051670392E-32  0.171620178789E-32
  0.655916269325E-33  0.247874568892E-33  0.926142378470E-34  0.342093555164E-34
  0.124908783637E-34  0.450798148166E-35  0.160795159833E-35  0.566795964608E-36
  0.197426432501E-36  0.679471290459E-37  0.231040106542E-37  0.776100581196E-38
  0.257529920276E-38  0.844076718741E-39  0.273241732597E-39  0.873554972582E-40
  0.275790748762E-40  0.859774371546E-41  0.264651736102E-41  0.804306520474E-42
  0.241322178356E-42  0.714784320170E-43  0.208991877520E-43  0.603164917668E-44
  0.171819283534E-44  0.483075540658E-45  0.134043251866E-45  0.367064516487E-46
  0.991949458479E-47  0.264526954253E-47  0.696095071715E-48  0.180747332617E-48
  0.463092689695E-49  0.117070148657E-49  0.292010007941E-50  0.718646550188E-51
  0.174499170973E-51  0.418049647159E-52  0.988135726406E-53  0.230440666173E-53
  0.530220782620E-54  0.120368438458E-54  0.269607382715E-55  0.595828314011E-56
  0.129924064302E-56  0.279542703227E-57  0.593485402776E-58  0.124333825515E-58
  0.257037871122E-59  0.524427813311E-60  0.105677238008E-60  0.210009401401E-61
  0.395773718530E-62  0.594289104922E-63  0.871346457393E-64  0.124708475890E-64
  0.174173127755E-65
 Down Pswavefunction (R/r) follows (l,n on next line)
  1 2
  0.916086227727E-10  0.371058163614E-09  0.845437415261E-09  0.152204397677E-08
  0.240838990868E-08  0.351220753598E-08  0.484145540264E-08  0.640432438174E-08
  0.820924394498E-08  0.102648885959E-07  0.125801844708E-07  0.151643161117E-07
  0.180267334164E-07  0.211771587683E-07  0.246255943537E-07  0.283823296681E-07
  0.324579492183E-07  0.368633404256E-07  0.416097017331E-07  0.467085509253E-07
  0.521717336629E-07  0.580114322394E-07  0.642401745656E-07  0.708708433872E-07
  0.779166857413E-07  0.853913226585E-07  0.933087591166E-07  0.101683394253E-06
  0.110530031840E-06  0.119863891033E-06  0.129700617400E-06  0.140056294229E-06
  0.150947454134E-06  0.162391090962E-06  0.174404672008E-06  0.187006150538E-06
  0.200213978647E-06  0.214047120443E-06  0.228525065575E-06  0.243667843107E-06
  0.259496035752E-06  0.276030794475E-06  0.293293853473E-06  0.311307545537E-06
  0.330094817819E-06  0.349679247997E-06  0.370085060861E-06  0.391337145329E-06
  0.413461071899E-06  0.436483110548E-06  0.460430249098E-06  0.485330212053E-06
  0.511211479917E-06  0.538103309019E-06  0.566035751838E-06  0.595039677856E-06
  0.625146794952E-06  0.656389671337E-06  0.688801758059E-06  0.722417412090E-06
  0.757271919998E-06  0.793401522235E-06  0.830843438045E-06  0.869635891016E-06
  0.909818135286E-06  0.951430482418E-06  0.994514328977E-06  0.103911218480E-05
  0.108526770202E-05  0.113302570477E-05  0.118243221974E-05  0.123353450747E-05
  0.128638109440E-05  0.134102180587E-05  0.139750779979E-05  0.145589160135E-05
  0.151622713852E-05  0.157856977846E-05  0.164297636488E-05  0.170950525640E-05
  0.177821636583E-05  0.184917120047E-05  0.192243290346E-05  0.199806629619E-05
  0.207613792179E-05  0.215671608971E-05  0.223987092148E-05  0.232567439762E-05
  0.241420040576E-05  0.250552478996E-05  0.259972540136E-05  0.269688215004E-05
  0.279707705828E-05  0.290039431513E-05  0.300692033242E-05  0.311674380216E-05
  0.322995575544E-05  0.334664962281E-05  0.346692129623E-05  0.359086919257E-05
  0.371859431876E-05  0.385020033863E-05  0.398579364136E-05  0.412548341178E-05
  0.426938170242E-05  0.441760350743E-05  0.457026683833E-05  0.472749280172E-05
  0.488940567905E-05  0.505613300828E-05  0.522780566775E-05  0.540455796214E-05
  0.558652771060E-05  0.577385633720E-05  0.596668896359E-05  0.616517450414E-05
  0.636946576337E-05  0.657971953600E-05  0.679609670948E-05  0.701876236910E-05
  0.724788590590E-05  0.748364112718E-05  0.772620636996E-05  0.797576461724E-05
  0.823250361727E-05  0.849661600586E-05  0.876829943178E-05  0.904775668537E-05
  0.933519583045E-05  0.963083033952E-05  0.993487923250E-05  0.102475672189E-04
  0.105691248439E-04  0.108997886373E-04  0.112398012677E-04  0.115894116992E-04
  0.119488753530E-04  0.123184542724E-04  0.126984172930E-04  0.130890402158E-04
  0.134906059864E-04  0.139034048774E-04  0.143277346758E-04  0.147639008757E-04
  0.152122168753E-04  0.156730041792E-04  0.161465926054E-04  0.166333204986E-04
  0.171335349476E-04  0.176475920094E-04  0.181758569379E-04  0.187187044197E-04
  0.192765188147E-04  0.198496944035E-04  0.204386356407E-04  0.210437574152E-04
  0.216654853164E-04  0.223042559080E-04  0.229605170076E-04  0.236347279748E-04
  0.243273600055E-04  0.250388964341E-04  0.257698330436E-04  0.265206783833E-04
  0.272919540945E-04  0.280841952447E-04  0.288979506702E-04  0.297337833274E-04
  0.305922706528E-04  0.314740049330E-04  0.323795936826E-04  0.333096600334E-04
  0.342648431321E-04  0.352457985487E-04  0.362531986956E-04  0.372877332565E-04
  0.383501096268E-04  0.394410533655E-04  0.405613086572E-04  0.417116387875E-04
  0.428928266295E-04  0.441056751425E-04  0.453510078843E-04  0.466296695355E-04
  0.479425264374E-04  0.492904671444E-04  0.506744029887E-04  0.520952686610E-04
  0.535540228050E-04  0.550516486273E-04  0.565891545226E-04  0.581675747149E-04
  0.597879699151E-04  0.614514279947E-04  0.631590646775E-04  0.649120242479E-04
  0.667114802778E-04  0.685586363717E-04  0.704547269307E-04  0.724010179360E-04
  0.743988077520E-04  0.764494279498E-04  0.785542441521E-04  0.807146568987E-04
  0.829321025345E-04  0.852080541201E-04  0.875440223646E-04  0.899415565833E-04
  0.924022456787E-04  0.949277191468E-04  0.975196481085E-04  0.100179746368E-03
  0.102909771497E-03  0.105711525947E-03  0.108586858188E-03  0.111537663882E-03
  0.114565887076E-03  0.117673521435E-03  0.120862611501E-03  0.124135253986E-03
  0.127493599096E-03  0.130939851887E-03  0.134476273664E-03  0.138105183403E-03
  0.141828959218E-03  0.145650039861E-03  0.149570926264E-03  0.153594183113E-03
  0.157722440469E-03  0.161958395426E-03  0.166304813812E-03  0.170764531934E-03
  0.175340458363E-03  0.180035575774E-03  0.184852942817E-03  0.189795696051E-03
  0.194867051917E-03  0.200070308765E-03  0.205408848929E-03  0.210886140862E-03
  0.216505741311E-03  0.222271297564E-03  0.228186549740E-03  0.234255333144E-03
  0.240481580680E-03  0.246869325324E-03  0.253422702658E-03  0.260145953476E-03
  0.267043426442E-03  0.274119580829E-03  0.281378989319E-03  0.288826340875E-03
  0.296466443686E-03  0.304304228191E-03  0.312344750167E-03  0.320593193911E-03
  0.329054875487E-03  0.337735246068E-03  0.346639895351E-03  0.355774555066E-03
  0.365145102572E-03  0.374757564538E-03  0.384618120727E-03  0.394733107863E-03
  0.405109023606E-03  0.415752530625E-03  0.426670460766E-03  0.437869819334E-03
  0.449357789479E-03  0.461141736693E-03  0.473229213418E-03  0.485627963774E-03
  0.498345928404E-03  0.511391249437E-03  0.524772275586E-03  0.538497567360E-03
  0.552575902420E-03  0.567016281062E-03  0.581827931841E-03  0.597020317332E-03
  0.612603140046E-03  0.628586348478E-03  0.644980143323E-03  0.661794983838E-03
  0.679041594370E-03  0.696730971038E-03  0.714874388596E-03  0.733483407457E-03
  0.752569880897E-03  0.772145962442E-03  0.792224113433E-03  0.812817110790E-03
  0.833938054960E-03  0.855600378072E-03  0.877817852292E-03  0.900604598389E-03
  0.923975094509E-03  0.947944185179E-03  0.972527090527E-03  0.997739415735E-03
  0.102359716073E-02  0.105011673010E-02  0.107731494330E-02  0.110520904507E-02
  0.113381671611E-02  0.116315608406E-02  0.119324573472E-02  0.122410472358E-02
  0.125575258757E-02  0.128820935720E-02  0.132149556893E-02  0.135563227784E-02
  0.139064107071E-02  0.142654407926E-02  0.146336399392E-02  0.150112407774E-02
  0.153984818082E-02  0.157956075494E-02  0.162028686870E-02  0.166205222291E-02
  0.170488316644E-02  0.174880671242E-02  0.179385055488E-02  0.184004308573E-02
  0.188741341223E-02  0.193599137486E-02  0.198580756563E-02  0.203689334682E-02
  0.208928087023E-02  0.214300309687E-02  0.219809381710E-02  0.225458767135E-02
  0.231252017125E-02  0.237192772135E-02  0.243284764133E-02  0.249531818878E-02
  0.255937858247E-02  0.262506902632E-02  0.269243073377E-02  0.276150595293E-02
  0.283233799218E-02  0.290497124652E-02  0.297945122444E-02  0.305582457553E-02
  0.313413911876E-02  0.321444387132E-02  0.329678907831E-02  0.338122624308E-02
  0.346780815822E-02  0.355658893747E-02  0.364762404820E-02  0.374097034481E-02
  0.383668610287E-02  0.393483105405E-02  0.403546642195E-02  0.413865495872E-02
  0.424446098254E-02  0.435295041609E-02  0.446419082577E-02  0.457825146200E-02
  0.469520330034E-02  0.481511908368E-02  0.493807336534E-02  0.506414255322E-02
  0.519340495497E-02  0.532594082422E-02  0.546183240783E-02  0.560116399433E-02
  0.574402196342E-02  0.589049483656E-02  0.604067332886E-02  0.619465040202E-02
  0.635252131855E-02  0.651438369725E-02  0.668033756983E-02  0.685048543899E-02
  0.702493233766E-02  0.720378588962E-02  0.738715637151E-02  0.757515677619E-02
  0.776790287751E-02  0.796551329656E-02  0.816810956927E-02  0.837581621565E-02
  0.858876081041E-02  0.880707405523E-02  0.903088985247E-02  0.926034538059E-02
  0.949558117113E-02  0.973674118736E-02  0.998397290454E-02  0.102374273920E-01
  0.104972593967E-01  0.107636274290E-01  0.110366938496E-01  0.113166249588E-01
  0.116035910873E-01  0.118977666887E-01  0.121993304346E-01  0.125084653107E-01
  0.128253587152E-01  0.131502025594E-01  0.134831933696E-01  0.138245323921E-01
  0.141744256986E-01  0.145330842952E-01  0.149007242325E-01  0.152775667180E-01
  0.156638382305E-01  0.160597706370E-01  0.164656013110E-01  0.168815732532E-01
  0.173079352150E-01  0.177449418225E-01  0.181928537046E-01  0.186519376216E-01
  0.191224665968E-01  0.196047200498E-01  0.200989839324E-01  0.206055508661E-01
  0.211247202819E-01  0.216567985621E-01  0.222020991845E-01  0.227609428678E-01
  0.233336577203E-01  0.239205793890E-01  0.245220512120E-01  0.251384243723E-01
  0.257700580527E-01  0.264173195939E-01  0.270805846530E-01  0.277602373646E-01
  0.284566705029E-01  0.291702856454E-01  0.299014933384E-01  0.306507132630E-01
  0.314183744034E-01  0.322049152152E-01  0.330107837950E-01  0.338364380517E-01
  0.346823458767E-01  0.355489853163E-01  0.364368447434E-01  0.373464230299E-01
  0.382782297186E-01  0.392327851950E-01  0.402106208590E-01  0.412122792951E-01
  0.422383144423E-01  0.432892917623E-01  0.443657884059E-01  0.454683933786E-01
  0.465977077023E-01  0.477543445757E-01  0.489389295313E-01  0.501521005889E-01
  0.513945084053E-01  0.526668164196E-01  0.539697009944E-01  0.553038515506E-01
  0.566699706974E-01  0.580687743550E-01  0.595009918711E-01  0.609673661294E-01
  0.624686536494E-01  0.640056246775E-01  0.655790632685E-01  0.671897673562E-01
  0.688385488123E-01  0.705262334935E-01  0.722536612750E-01  0.740216860700E-01
  0.758311758337E-01  0.776830125509E-01  0.795780922067E-01  0.815173247380E-01
  0.835016339650E-01  0.855319575023E-01  0.876092466464E-01  0.897344662403E-01
  0.919085945117E-01  0.941326228850E-01  0.964075557637E-01  0.987344102837E-01
  0.101114216033      0.103548014741      0.106036859923      0.108581816501    
  0.111183960372      0.113844377940      0.116564165602      0.119344429190    
  0.122186283360      0.125090850933      0.128059262182      0.131092654057    
  0.134192169358      0.137358955843      0.140594165268      0.143898952360    
  0.147274473728      0.150721886683      0.154242347995      0.157837012564    
  0.161507032006      0.165253553155      0.169077716473      0.172980654361    
  0.176963489383      0.181027332383      0.185173280492      0.189402415039    
  0.193715799344      0.198114476392      0.202599466400      0.207171764251    
  0.211832336814      0.216582120127      0.221422016457      0.226352891220    
  0.231375569772      0.236490834060      0.241699419126      0.247002009483    
  0.252399235335      0.257891668662      0.263479819157      0.269164130017    
  0.274944973598      0.280822646919      0.286797367034      0.292869266257    
  0.299038387266      0.305304678067      0.311667986837      0.318128056654    
  0.324684520113      0.331336893841      0.338084572927      0.344926825268    
  0.351862785849      0.358891450981      0.366011672490      0.373222151905    
  0.380521434641      0.387907904209      0.395379776482      0.402935094033    
  0.410571720576      0.418287335552      0.426079428876      0.433945295890    
  0.441882032565      0.449886530982      0.457955475135      0.466085337114    
  0.474272373704      0.482512623451      0.490801904250      0.499135811513    
  0.507509716966      0.515918768130      0.524357888565      0.532821778908    
  0.541304918793      0.549801569695      0.558305778775      0.566811383773    
  0.575312019018      0.583801122610      0.592271944830      0.600717557827    
  0.609130866632      0.617504621552      0.625831431955      0.634103781507    
  0.642314044867      0.650454505846      0.658517377058      0.666494821027    
  0.674378972750      0.682161963670      0.689835947022      0.697393124468    
  0.704825773965      0.712126278748      0.719287157316      0.726301094286    
  0.733160971959      0.739859902409      0.746391259915      0.752748713498    
  0.758926259336      0.764918252787      0.770719439748      0.776324987042    
  0.781730511523      0.786932107562      0.791926372573      0.796710430207    
  0.801281950871      0.805639169164      0.809780897890      0.813706538242    
  0.817416085806      0.820910132005      0.824189860659      0.827257039305    
  0.830114004992      0.832763644273      0.835209367149      0.837455074783    
  0.839505120839      0.841364266360      0.843037628180      0.844530620935    
  0.845848892827      0.846998255399      0.847984607707      0.848813855376    
  0.849491825221      0.850024176217      0.850416307858      0.850673267080    
  0.850799655204      0.850799536559      0.850676350728      0.850432830624    
  0.850070928886      0.849591755368      0.848995528732      0.848281545410    
  0.847448169321      0.846492845803      0.845412143145      0.844201824775    
  0.842856954659      0.841372037521      0.839741194154      0.837958370198    
  0.836017574097      0.833913136530      0.831639979065      0.829193874059    
  0.826571670543      0.823771451850      0.820792579551      0.817635564563    
  0.814301685718      0.810792525282      0.807109808610      0.803255382612    
  0.799231213418      0.795039383929      0.790682091256      0.786161644055    
  0.781480459764      0.776641061758      0.771646076417      0.766498230124    
  0.761200346197      0.755755341768      0.750166224601      0.744436089878    
  0.738568116938      0.732565565994      0.726431774815      0.720170155401    
  0.713784190634      0.707277430922      0.700653490842      0.693916045778    
  0.687068828556      0.680115626096      0.673060276055      0.665906663487    
  0.658658717507      0.651320407965      0.643895742125      0.636388761353    
  0.628803537805      0.621144171125      0.613414785135      0.605619524523    
  0.597762551529      0.589848042613      0.581880185111      0.573863173873    
  0.565801207874      0.557698486800      0.549559207605      0.541387561028    
  0.533187728081      0.524963876487      0.516720157093      0.508460700231    
  0.500189612049      0.491910970803      0.483628823120      0.475347180236    
  0.467070014216      0.458801254164      0.450544782444      0.442304430901    
  0.434083977129      0.425887140766      0.417717579861      0.409578887323    
  0.401474587455      0.393408132607      0.385382899970      0.377402188518    
  0.369469216120      0.361587116852      0.353758938501      0.345987640299    
  0.338276090889      0.330627066538      0.323043249603      0.315527227256    
  0.308081490485      0.300708433352      0.293410352520      0.286189447050    
  0.279047818449      0.271987470960      0.265010312105      0.258118153431    
  0.251312711481      0.244595608937      0.237968375952      0.231432451609    
  0.224989185525      0.218639839548      0.212385589536      0.206227527195    
  0.200166661940      0.194203922774      0.188340160148      0.182576147777    
  0.176912584407      0.171350095498      0.165889234818      0.160530485916    
  0.155274263485      0.150120914582      0.145070719710      0.140123893757    
  0.135280586787      0.130540884688      0.125904809682      0.121372320700    
  0.116943313646      0.112617621547      0.108395014617      0.104275200255    
  0.100257822984      0.963424643686E-01  0.925286429209E-01  0.888158140272E-01
  0.852033699117E-01  0.816906396636E-01  0.782768893475E-01  0.749613222184E-01
  0.717430790598E-01  0.686212386618E-01  0.655948184539E-01  0.626627753051E-01
  0.598240065008E-01  0.570773509035E-01  0.544215903032E-01  0.518554509576E-01
  0.493776053230E-01  0.469866739723E-01  0.446812276955E-01  0.424597897740E-01
  0.403208384212E-01  0.382628093775E-01  0.362840986472E-01  0.343830653645E-01
  0.325580347733E-01  0.308073013053E-01  0.291291317422E-01  0.275217684425E-01
  0.259834326201E-01  0.245123276556E-01  0.231066424253E-01  0.217645546319E-01
  0.204842341210E-01  0.192638461687E-01  0.181015547270E-01  0.169955256116E-01
  0.159439296214E-01  0.149449455764E-01  0.139967632643E-01  0.130975862848E-01
  0.122456347837E-01  0.114391480672E-01  0.106763870911E-01  0.995563681766E-02
  0.927520843483E-02  0.863344143444E-02  0.802870554523E-02  0.745940251857E-02
  0.692396776516E-02  0.642087184176E-02  0.594862178805E-02  0.550576231415E-02
  0.509087684003E-02  0.470258838905E-02  0.433956033789E-02  0.400049702620E-02
  0.368414422948E-02  0.338928949932E-02  0.311476237550E-02  0.285943447480E-02
  0.262221946178E-02  0.240207290696E-02  0.219799203812E-02  0.200901539079E-02
  0.183422236389E-02  0.167273268675E-02  0.152370580396E-02  0.138634018419E-02
  0.125987255960E-02  0.114357710200E-02  0.103676454218E-02  0.938781238555E-03
  0.849008201430E-03  0.766860078652E-03  0.691784108684E-03  0.623259046690E-03
  0.560794069130E-03  0.503927662137E-03  0.452226498728E-03  0.405284309642E-03
  0.362720752366E-03  0.324180282646E-03  0.289331032510E-03  0.257863698546E-03
  0.229490443934E-03  0.203943817401E-03  0.180975692045E-03  0.160356226649E-03
  0.141872851859E-03  0.125329283311E-03  0.110544563546E-03  0.973521342691E-04
  0.855989402898E-04  0.751445661720E-04  0.658604065518E-04  0.576288706528E-04
  0.503426206469E-04  0.439038483598E-04  0.382235829462E-04  0.332210083884E-04
  0.288229386993E-04  0.249630572103E-04  0.215815366630E-04  0.186243957364E-04
  0.160430619902E-04  0.137939124886E-04  0.118378428354E-04  0.101398658282E-04
  0.866873824836E-05  0.739661459443E-05  0.629872653680E-05  0.535308685430E-05
  0.454021660646E-05  0.384289429435E-05  0.324592577055E-05  0.273593367296E-05
  0.230116517727E-05  0.193131688909E-05  0.161737572708E-05  0.135147468402E-05
  0.112676239067E-05  0.937285449637E-06  0.777882550174E-06  0.644089420890E-06
  0.532053724895E-06  0.438459049906E-06  0.360457194604E-06  0.295608001069E-06
  0.241826031378E-06  0.197333433867E-06  0.160618391044E-06  0.130398586217E-06
  0.105589169525E-06  0.852747459629E-07  0.686849479900E-07  0.551731934152E-07
  0.441982652221E-07  0.353083839154E-07  0.281274747218E-07  0.223433616093E-07
  0.176976475920E-07  0.139770662221E-07  0.110061125735E-07  0.864078347758E-08
  0.676327634702E-08  0.527751371795E-08  0.410537674297E-08  0.318354538167E-08
  0.246085606202E-08  0.189609923205E-08  0.145618958853E-08  0.111465096215E-08
  0.850365956378E-09  0.646547576043E-09  0.489896334891E-09  0.369911785866E-09
  0.278332156607E-09  0.208679872547E-09  0.155894282605E-09  0.116035933795E-09
  0.860493314176E-10  0.635733257641E-10  0.467901342857E-10  0.343055843849E-10
  0.250544865095E-10  0.182261553993E-10  0.132060205712E-10  0.953003294159E-11
  0.684920697141E-11  0.490215778344E-11  0.349391845054E-11  0.247966962885E-11
  0.175229522133E-11  0.123290511891E-11  0.863648856418E-12  0.602290297737E-12
  0.418129979457E-12  0.288954113432E-12  0.198762132944E-12  0.136081899972E-12
  0.927264166320E-13  0.628806649813E-13  0.424341138367E-13  0.284951548552E-13
  0.190396066097E-13  0.126575268054E-13  0.837174944595E-14  0.550848648620E-14
  0.360552858470E-14  0.234745751862E-14  0.152016211300E-14  0.979075793082E-15
  0.627115462327E-15  0.399441965706E-15  0.252990789133E-15  0.159319917342E-15
  0.997513848648E-16  0.620897766283E-16  0.384186423434E-16  0.236294044925E-16
  0.144450857757E-16  0.877629955663E-17  0.529899777354E-17  0.317931589409E-17
  0.189538556929E-17  0.112266799006E-17  0.660633461808E-18  0.386180610822E-18
  0.224236282463E-18  0.129321673702E-18  0.740714575652E-19  0.421316412496E-19
  0.237961769690E-19  0.133447482574E-19  0.742986062837E-20  0.410658094909E-20
  0.225305375215E-20  0.122691880463E-20  0.663093114422E-21  0.355638380882E-21
  0.189268698621E-21  0.999413848588E-22  0.523562263709E-22  0.272086764773E-22
  0.140256177313E-22  0.717085894014E-23  0.363591542345E-23  0.182813519569E-23
  0.911408463527E-24  0.450490899976E-24  0.220741997750E-24  0.107217931763E-24
  0.516167555691E-25  0.246270224325E-25  0.116436179884E-25  0.545475902246E-26
  0.253181139262E-26  0.116415747253E-26  0.530240661854E-27  0.239205665441E-27
  0.106871809156E-27  0.472829103922E-28  0.207133628481E-28  0.898376568235E-29
  0.385730193945E-29  0.163939018794E-29  0.689621229029E-30  0.287094394410E-30
  0.118271722651E-30  0.482098424731E-31  0.194422138838E-31  0.775653525468E-32
  0.306096909461E-32  0.119474871910E-32  0.461188311356E-33  0.176044339086E-33
  0.664455986804E-34  0.247953067893E-34  0.914726057605E-35  0.333572741935E-35
  0.120234204302E-35  0.428315851856E-36  0.150786068266E-36  0.524543639228E-37
  0.180291413212E-37  0.612202838656E-38  0.205439772831E-38  0.681448087758E-39
  0.221635063122E-39  0.690725728799E-40  0.212130890869E-40  0.641879055142E-41
  0.191325290496E-41
 Up Pswavefunction (R/r) follows (l,n on next line)
  1 2
  0.913267429431E-10  0.369916417250E-09  0.842836003436E-09  0.151736064584E-08
  0.240097929038E-08  0.350140046966E-08  0.482655823924E-08  0.638461826884E-08
  0.818398409269E-08  0.102333035229E-07  0.125414752299E-07  0.151176554951E-07
  0.179712651387E-07  0.211119966286E-07  0.245498213742E-07  0.282949972101E-07
  0.323580760748E-07  0.367499118889E-07  0.414816686379E-07  0.465648286661E-07
  0.520112011849E-07  0.578329310031E-07  0.640425074831E-07  0.706527737303E-07
  0.776769360208E-07  0.851285734731E-07  0.930216479719E-07  0.101370514348E-06
  0.110189930823E-06  0.119495069723E-06  0.129301528475E-06  0.139625340876E-06
  0.150482988673E-06  0.161891413422E-06  0.173868028669E-06  0.186430732439E-06
  0.199597920050E-06  0.213388497259E-06  0.227821893743E-06  0.242918076937E-06
  0.258697566222E-06  0.275181447482E-06  0.292391388036E-06  0.310349651958E-06
  0.329079115792E-06  0.348603284666E-06  0.368946308833E-06  0.390133000626E-06
  0.412188851864E-06  0.435140051689E-06  0.459013504884E-06  0.483836850643E-06
  0.509638481837E-06  0.536447564772E-06  0.564294059457E-06  0.593208740388E-06
  0.623223217879E-06  0.654369959928E-06  0.686682314657E-06  0.720194533318E-06
  0.754941793905E-06  0.790960225357E-06  0.828286932396E-06  0.866960020996E-06
  0.907018624508E-06  0.948502930459E-06  0.991454208037E-06  0.103591483628E-05
  0.108192833299E-05  0.112953938439E-05  0.117879387554E-05  0.122973892156E-05
  0.128242289959E-05  0.133689548163E-05  0.139320766820E-05  0.145141182286E-05
  0.151156170765E-05  0.157371251935E-05  0.163792092679E-05  0.170424510900E-05
  0.177274479445E-05  0.184348130116E-05  0.191651757801E-05  0.199191824693E-05
  0.206974964628E-05  0.215007987533E-05  0.223297883986E-05  0.231851829889E-05
  0.240677191271E-05  0.249781529201E-05  0.259172604837E-05  0.268858384600E-05
  0.278847045479E-05  0.289146980475E-05  0.299766804183E-05  0.310715358511E-05
  0.322001718561E-05  0.333635198637E-05  0.345625358430E-05  0.357982009346E-05
  0.370715220997E-05  0.383835327869E-05  0.397352936144E-05  0.411278930710E-05
  0.425624482341E-05  0.440401055069E-05  0.455620413733E-05  0.471294631732E-05
  0.487436098966E-05  0.504057529991E-05  0.521171972368E-05  0.538792815242E-05
  0.556933798120E-05  0.575609019894E-05  0.594832948075E-05  0.614620428280E-05
  0.634986693944E-05  0.655947376293E-05  0.677518514569E-05  0.699716566504E-05
  0.722558419081E-05  0.746061399551E-05  0.770243286741E-05  0.795122322649E-05
  0.820717224332E-05  0.847047196097E-05  0.874131942005E-05  0.901991678694E-05
  0.930647148524E-05  0.960119633062E-05  0.990430966909E-05  0.102160355188E-04
  0.105366037153E-04  0.108662500610E-04  0.112052164775E-04  0.115537511631E-04
  0.119121087529E-04  0.122805504840E-04  0.126593443647E-04  0.130487653476E-04
  0.134490955076E-04  0.138606242240E-04  0.142836483677E-04  0.147184724928E-04
  0.151654090332E-04  0.156247785042E-04  0.160969097091E-04  0.165821399515E-04
  0.170808152522E-04  0.175932905726E-04  0.181199300429E-04  0.186611071968E-04
  0.192172052114E-04  0.197886171543E-04  0.203757462356E-04  0.209790060677E-04
  0.215988209306E-04  0.222356260444E-04  0.228898678492E-04  0.235620042909E-04
  0.242525051158E-04  0.249618521712E-04  0.256905397146E-04  0.264390747304E-04
  0.272079772551E-04  0.279977807098E-04  0.288090322421E-04  0.296422930763E-04
  0.304981388724E-04  0.313771600943E-04  0.322799623878E-04  0.332071669671E-04
  0.341594110125E-04  0.351373480770E-04  0.361416485040E-04  0.371729998553E-04
  0.382321073499E-04  0.393196943142E-04  0.404365026432E-04  0.415832932742E-04
  0.427608466713E-04  0.439699633236E-04  0.452114642548E-04  0.464861915468E-04
  0.477950088754E-04  0.491388020611E-04  0.505184796322E-04  0.519349734037E-04
  0.533892390698E-04  0.548822568121E-04  0.564150319228E-04  0.579885954440E-04
  0.596040048230E-04  0.612623445845E-04  0.629647270194E-04  0.647122928918E-04
  0.665062121629E-04  0.683476847341E-04  0.702379412089E-04  0.721782436735E-04
  0.741698864976E-04  0.762141971560E-04  0.783125370698E-04  0.804663024700E-04
  0.826769252827E-04  0.849458740363E-04  0.872746547925E-04  0.896648121000E-04
  0.921179299731E-04  0.946356328948E-04  0.972195868449E-04  0.998715003552E-04
  0.102593125590E-03  0.105386259456E-03  0.108252744738E-03  0.111194471264E-03
  0.114213377101E-03  0.117311449782E-03  0.120490727558E-03  0.123753300692E-03
  0.127101312774E-03  0.130536962078E-03  0.134062502953E-03  0.137680247239E-03
  0.141392565737E-03  0.145201889697E-03  0.149110712356E-03  0.153121590511E-03
  0.157237146133E-03  0.161460068020E-03  0.165793113492E-03  0.170239110131E-03
  0.174800957562E-03  0.179481629284E-03  0.184284174540E-03  0.189211720241E-03
  0.194267472934E-03  0.199454720824E-03  0.204776835842E-03  0.210237275771E-03
  0.215839586421E-03  0.221587403859E-03  0.227484456703E-03  0.233534568460E-03
  0.239741659939E-03  0.246109751711E-03  0.252642966640E-03  0.259345532477E-03
  0.266221784510E-03  0.273276168301E-03  0.280513242465E-03  0.287937681548E-03
  0.295554278952E-03  0.303367949952E-03  0.311383734778E-03  0.319606801784E-03
  0.328042450687E-03  0.336696115896E-03  0.345573369920E-03  0.354679926865E-03
  0.364021646016E-03  0.373604535512E-03  0.383434756112E-03  0.393518625058E-03
  0.403862620031E-03  0.414473383214E-03  0.425357725449E-03  0.436522630501E-03
  0.447975259437E-03  0.459722955104E-03  0.471773246726E-03  0.484133854614E-03
  0.496812695001E-03  0.509817884987E-03  0.523157747618E-03  0.536840817090E-03
  0.550875844081E-03  0.565271801224E-03  0.580037888705E-03  0.595183540017E-03
  0.610718427848E-03  0.626652470117E-03  0.642995836168E-03  0.659758953115E-03
  0.676952512345E-03  0.694587476186E-03  0.712675084746E-03  0.731226862911E-03
  0.750254627538E-03  0.769770494806E-03  0.789786887770E-03  0.810316544092E-03
  0.831372523971E-03  0.852968218269E-03  0.875117356844E-03  0.897834017084E-03
  0.921132632664E-03  0.945028002512E-03  0.969535300005E-03  0.994670082395E-03
  0.102044830047E-02  0.104688630844E-02  0.107400087411E-02  0.110180918925E-02
  0.113032888028E-02  0.115957801918E-02  0.118957513468E-02  0.122033922377E-02
  0.125188976340E-02  0.128424672260E-02  0.131743057477E-02  0.135146231039E-02
  0.138636344996E-02  0.142215605730E-02  0.145886275319E-02  0.149650672931E-02
  0.153511176256E-02  0.157470222971E-02  0.161530312244E-02  0.165694006273E-02
  0.169963931863E-02  0.174342782041E-02  0.178833317714E-02  0.183438369369E-02
  0.188160838806E-02  0.193003700922E-02  0.197970005539E-02  0.203062879271E-02
  0.208285527444E-02  0.213641236054E-02  0.219133373783E-02  0.224765394057E-02
  0.230540837160E-02  0.236463332392E-02  0.242536600290E-02  0.248764454892E-02
  0.255150806067E-02  0.261699661892E-02  0.268415131095E-02  0.275301425550E-02
  0.282362862839E-02  0.289603868873E-02  0.297028980574E-02  0.304642848629E-02
  0.312450240301E-02  0.320456042317E-02  0.328665263821E-02  0.337083039394E-02
  0.345714632158E-02  0.354565436939E-02  0.363640983524E-02  0.372946939978E-02
  0.382489116049E-02  0.392273466660E-02  0.402306095469E-02  0.412593258528E-02
  0.423141368019E-02  0.433956996085E-02  0.445046878746E-02  0.456417919913E-02
  0.468077195492E-02  0.480031957585E-02  0.492289638790E-02  0.504857856605E-02
  0.517744417929E-02  0.530957323669E-02  0.544504773460E-02  0.558395170484E-02
  0.572637126410E-02  0.587239466442E-02  0.602211234486E-02  0.617561698433E-02
  0.633300355563E-02  0.649436938077E-02  0.665981418745E-02  0.682944016694E-02
  0.700335203314E-02  0.718165708306E-02  0.736446525864E-02  0.755188920990E-02
  0.774404435957E-02  0.794104896905E-02  0.814302420598E-02  0.835009421313E-02
  0.856238617888E-02  0.878003040928E-02  0.900316040155E-02  0.923191291927E-02
  0.946642806919E-02  0.970684937955E-02  0.995332388026E-02  0.102060021846E-01
  0.104650385727E-01  0.107305910769E-01  0.110028215685E-01  0.112818958470E-01
  0.115679837302E-01  0.118612591469E-01  0.121619002313E-01  0.124700894193E-01
  0.127860135464E-01  0.131098639476E-01  0.134418365601E-01  0.137821320267E-01
  0.141309558021E-01  0.144885182608E-01  0.148550348072E-01  0.152307259876E-01
  0.156158176048E-01  0.160105408338E-01  0.164151323402E-01  0.168298344013E-01
  0.172548950277E-01  0.176905680889E-01  0.181371134391E-01  0.185947970471E-01
  0.190638911266E-01  0.195446742697E-01  0.200374315821E-01  0.205424548204E-01
  0.210600425314E-01  0.215905001940E-01  0.221341403625E-01  0.226912828122E-01
  0.232622546870E-01  0.238473906491E-01  0.244470330304E-01  0.250615319858E-01
  0.256912456484E-01  0.263365402867E-01  0.269977904631E-01  0.276753791945E-01
  0.283696981139E-01  0.290811476341E-01  0.298101371125E-01  0.305570850172E-01
  0.313224190943E-01  0.321065765368E-01  0.329100041531E-01  0.337331585382E-01
  0.345765062438E-01  0.354405239503E-01  0.363256986382E-01  0.372325277600E-01
  0.381615194123E-01  0.391131925072E-01  0.400880769436E-01  0.410867137772E-01
  0.421096553904E-01  0.431574656603E-01  0.442307201248E-01  0.453300061481E-01
  0.464559230826E-01  0.476090824287E-01  0.487901079922E-01  0.499996360376E-01
  0.512383154378E-01  0.525068078197E-01  0.538057877049E-01  0.551359426454E-01
  0.564979733532E-01  0.578925938236E-01  0.593205314516E-01  0.607825271411E-01
  0.622793354047E-01  0.638117244559E-01  0.653804762903E-01  0.669863867571E-01
  0.686302656188E-01  0.703129365991E-01  0.720352374168E-01  0.737980198064E-01
  0.756021495229E-01  0.774485063311E-01  0.793379839767E-01  0.812714901391E-01
  0.832499463652E-01  0.852742879808E-01  0.873454639806E-01  0.894644368940E-01
  0.916321826256E-01  0.938496902687E-01  0.961179618907E-01  0.984380122879E-01
  0.100810868708      0.103237570542      0.105719168973      0.108256726596    
  0.110851316994      0.113504024271      0.116215942543      0.118988175382    
  0.121821835211      0.124718042648      0.127677925796      0.130702619480    
  0.133793264417      0.136951006330      0.140176995000      0.143472383242    
  0.146838325817      0.150275978267      0.153786495674      0.157371031339    
  0.161030735377      0.164766753226      0.168580224062      0.172472279130    
  0.176444039965      0.180496616520      0.184631105193      0.188848586738    
  0.193150124071      0.197536759960      0.202009514598      0.206569383055    
  0.211217332603      0.215954299918      0.220781188153      0.225698863869    
  0.230708153843      0.235809841732      0.241004664593      0.246293309276    
  0.251676408657      0.257154537743      0.262728209619      0.268397871268    
  0.274163899230      0.280026595133      0.285986181077      0.292042794885    
  0.298196485214      0.304447206546      0.310794814047      0.317239058314    
  0.323779580010      0.330415904397      0.337147435786      0.343973451894    
  0.350893098150      0.357905381940      0.365009166818      0.372203166707    
  0.379485940095      0.386855884261      0.394311229546      0.401850033708    
  0.409470176368      0.417169353603      0.424945072697      0.432794647101    
  0.440715191629      0.448703617940      0.456756630337      0.464870721941    
  0.473042171274      0.481267039319      0.489541167083      0.497860173744    
  0.506219455419      0.514614184622      0.523039310462      0.531489559647    
  0.539959438357      0.548443235036      0.556935024181      0.565428671175    
  0.573917838229      0.582395991491      0.590856409373      0.599292192161    
  0.607696272936      0.616061429864      0.624380299894      0.632645393875    
  0.640849113144      0.648983767574      0.657041595091      0.665014782667    
  0.672895488750      0.680675867105      0.688348092027      0.695904384844    
  0.703337041648      0.710638462140      0.717801179490      0.724817891053    
  0.731681489813      0.738385096350      0.744922091154      0.751286147054    
  0.757471261539      0.763471788686      0.769282470447      0.774898466970    
  0.780315385654      0.785529308607      0.790536818146      0.795335020006    
  0.799921563866      0.804294660844      0.808453097558      0.812396246404    
  0.816124071664      0.819637131086      0.822936572589      0.826024125770    
  0.828902087891      0.831573304094      0.834041141590      0.836309457635    
  0.838382561147      0.840265167890      0.841962349196      0.843479474304    
  0.844822146461      0.845996133051      0.847007290109      0.847861481738    
  0.848564495075      0.849121951609      0.849539215871      0.849821302677    
  0.849972784366      0.849997699689      0.849899466289      0.849680798972    
  0.849343636244      0.848889077883      0.848317336555      0.847627706717    
  0.846818554191      0.845887329870      0.844830610906      0.843644172468    
  0.842323092588      0.840861891723      0.839254707313      0.837495501704    
  0.835578299197      0.833497444534      0.831247870623      0.828825357592    
  0.826226758010      0.823450154127      0.820494901853      0.817361502529    
  0.814051242769      0.810565711518      0.806906620700      0.803075803734    
  0.799075213218      0.794906918492      0.790573103090      0.786076062086    
  0.781418199347      0.776602024703      0.771630151021      0.766505291224    
  0.761230255233      0.755807946856      0.750241360625      0.744533578586    
  0.738687767061      0.732707173369      0.726595122526      0.720355013927    
  0.713990318012      0.707504572924      0.700901381160      0.694184406221    
  0.687357369261      0.680424045747      0.673388262117      0.666253892447    
  0.659024855128      0.651705109550      0.644298652792      0.636809516317    
  0.629241762677      0.621599482212      0.613886789756      0.606107821332    
  0.598266730846      0.590367686766      0.582414868783      0.574412464461    
  0.566364665854      0.558275666100      0.550149655982      0.541990820456    
  0.533803335141      0.525591362769      0.517359049593      0.509110521765    
  0.500849881659      0.492581204176      0.484308533004      0.476035876862    
  0.467767205717      0.459506447003      0.451257481831      0.443024141223    
  0.434810202365      0.426619384912      0.418455347342      0.410321683416    
  0.402221918693      0.394159507188      0.386137828158      0.378160183039    
  0.370229792556      0.362349794022      0.354523238838      0.346753090223    
  0.339042221170      0.331393412651      0.323809352076      0.316292632014    
  0.308845749179      0.301471103687      0.294170998575      0.286947639586    
  0.279803135212      0.272739496982      0.265758639989      0.258862383640    
  0.252052452611      0.245330477993      0.238697998609      0.232156462479    
  0.225707228407      0.219351567683      0.213090665851      0.206925624543    
  0.200857463340      0.194887121640      0.189015460515      0.183243264524    
  0.177571243472      0.172000034088      0.166530201609      0.161162241255    
  0.155896579571      0.150733575648      0.145673522193      0.140716646452    
  0.135863110998      0.131113014360      0.126466391518      0.121923214267    
  0.117483391461      0.113146769147      0.108913130611      0.104782196351    
  0.100753624001      0.968270082236E-01  0.930018805911E-01  0.892777094919E-01
  0.856539000676E-01  0.821297942155E-01  0.787046706741E-01  0.753777452117E-01
  0.721481709398E-01  0.690150387650E-01  0.659773779969E-01  0.630341571233E-01
  0.601842847627E-01  0.574266108020E-01  0.547599277240E-01  0.521829721261E-01
  0.496944264309E-01  0.472929207851E-01  0.449770351423E-01  0.427453015210E-01
  0.405962064307E-01  0.385281934536E-01  0.365396659701E-01  0.346289900154E-01
  0.327944972506E-01  0.310344880358E-01  0.293472345864E-01  0.277309841983E-01
  0.261839625247E-01  0.247043768885E-01  0.232904196133E-01  0.219402713583E-01
  0.206521044397E-01  0.194240861263E-01  0.182543818918E-01  0.171411586135E-01
  0.160825877021E-01  0.150768481519E-01  0.141221295009E-01  0.132166346890E-01
  0.123585828075E-01  0.115462117294E-01  0.107777806153E-01  0.100515722878E-01
  0.936589546874E-02  0.871908687581E-02  0.810951317447E-02  0.753557278284E-02
  0.699569752776E-02  0.648835415105E-02  0.601204566588E-02  0.556531256383E-02
  0.514673387369E-02  0.475492807424E-02  0.438855386310E-02  0.404631078507E-02
  0.372693972327E-02  0.342922325716E-02  0.315198589206E-02  0.289409416466E-02
  0.265445663005E-02  0.243202373542E-02  0.222578758637E-02  0.203478161148E-02
  0.185808013149E-02  0.169479783905E-02  0.154408919550E-02  0.140514775089E-02
  0.127720539377E-02  0.115953153690E-02  0.105143224535E-02  0.952249313206E-03
  0.861359294889E-03  0.778172497289E-03  0.702131938423E-03  0.632712278376E-03
  0.569418728020E-03  0.511785940791E-03  0.459376892595E-03  0.411781754684E-03
  0.368616764074E-03  0.329523095839E-03  0.294165741331E-03  0.262232396119E-03
  0.233432361161E-03  0.207495460428E-03  0.184170977952E-03  0.163226616958E-03
  0.144447483485E-03  0.127635096638E-03  0.112606427312E-03  0.991929670078E-04
  0.872398280916E-04  0.766048765779E-04  0.671578984146E-04  0.587797998354E-04
  0.513618414199E-04  0.448049105764E-04  0.390188247283E-04  0.339216438916E-04
  0.294391435935E-04  0.255040460475E-04  0.220556396538E-04  0.190391286755E-04
  0.164051931318E-04  0.141095253370E-04  0.121123949249E-04  0.103782436253E-04
  0.887530831244E-05  0.757527113997E-05  0.645293554561E-05  0.548592689180E-05
  0.465441649832E-05  0.394086782215E-05  0.332980354564E-05  0.280759234737E-05
  0.236225414938E-05  0.198328265912E-05  0.166148405493E-05  0.138883069766E-05
  0.115832878938E-05  0.963898941201E-06  0.800268655828E-06  0.662875776208E-06
  0.547781998686E-06  0.451595597093E-06  0.371402552693E-06  0.304705333470E-06
  0.249368614411E-06  0.203571278007E-06  0.165764080656E-06  0.134632415990E-06
  0.109063649849E-06  0.881185437924E-07  0.710063242563E-07  0.570629927919E-07
  0.457325091027E-07  0.365505127566E-07  0.291302815042E-07  0.231506540432E-07
  0.183456728659E-07  0.144957285356E-07  0.114200104275E-07  0.897009068489E-08
  0.702448798377E-08  0.548407573557E-08  0.426821569787E-08  0.331151269723E-08
  0.256109940343E-08  0.197437193366E-08  0.151710761174E-08  0.116190556558E-08
  0.886899114507E-09  0.674696175268E-09  0.511510293290E-09  0.386450472971E-09
  0.290942820645E-09  0.218261203855E-09  0.163147743402E-09  0.121507056761E-09
  0.901608241146E-10  0.666515071238E-10  0.490859660475E-10  0.360113383046E-10
  0.263169016289E-10  0.191567837016E-10  0.138893294894E-10  0.100297255475E-10
  0.721313183341E-11  0.516610749512E-11  0.368455612828E-11  0.261677406464E-11
  0.185047597213E-11  0.130290702064E-11  0.913339915937E-12  0.637406504213E-12
  0.442834335881E-12  0.306254328633E-12  0.210821279471E-12  0.144448394580E-12
  0.985034766426E-13  0.668505760203E-13  0.451489215978E-13  0.303425310479E-13
  0.202904495391E-13  0.135001905083E-13  0.893653352261E-14  0.588506842870E-14
  0.385530840111E-14  0.251225386305E-14  0.162830586342E-14  0.104965711714E-14
  0.672927884518E-15  0.429012011590E-15  0.271969464522E-15  0.171431320651E-15
  0.107435730065E-15  0.669367641836E-16  0.414578336088E-16  0.255236372461E-16
  0.156185384128E-16  0.949877330856E-17  0.574104622545E-17  0.344808268781E-17
  0.205775548343E-17  0.122012781756E-17  0.718750220996E-18  0.420607516565E-18
  0.244493521712E-18  0.141160608680E-18  0.809430786700E-19  0.460924482570E-19
  0.260631659949E-19  0.146330553664E-19  0.815672983116E-20  0.451370080620E-20
  0.247940316510E-20  0.135182647137E-20  0.731502025027E-21  0.392818517700E-21
  0.209320092130E-21  0.110670739676E-21  0.580520692682E-22  0.302082347197E-22
  0.155924797023E-22  0.798263690878E-23  0.405301091809E-23  0.204064736484E-23
  0.101876790617E-23  0.504263697817E-24  0.247441828450E-24  0.120359136207E-24
  0.580273706005E-25  0.277262890451E-25  0.131284234043E-25  0.615959485750E-26
  0.286330146740E-26  0.131860229076E-26  0.601518154908E-27  0.271786607745E-27
  0.121620817000E-27  0.538944960810E-28  0.236479551791E-28  0.102733355701E-28
  0.441828865404E-29  0.188095101374E-29  0.792570284387E-30  0.330515004795E-30
  0.136393594186E-30  0.556932557687E-31  0.224995425654E-31  0.899215997757E-32
  0.355492669189E-32  0.139005139181E-32  0.537554171759E-33  0.205571404184E-33
  0.777339114223E-34  0.290619237389E-34  0.107414606761E-34  0.392452453607E-35
  0.141727910591E-35  0.505858298421E-36  0.178430844018E-36  0.621929361325E-37
  0.214186078719E-37  0.728740613893E-38  0.245035908124E-38  0.814441229208E-39
  0.265452022524E-39  0.829231347561E-40  0.255275633574E-40  0.774296049894E-41
  0.231359746483E-41
