    0.0000038974            322.38162           0.00301         305.61758
    0.0000078437            322.32490           0.00301         305.56381
    0.0000118398            322.28767           0.00301         305.52851
    0.0000158860            322.25823           0.00301         305.50061
    0.0000199832            321.99757           0.00301         305.25350
    0.0000241319            321.87943           0.00301         305.14150
    0.0000283328            321.77504           0.00301         305.04254
    0.0000325866            321.65566           0.00301         304.92937
    0.0000368938            321.53753           0.00301         304.81738
    0.0000412553            321.42111           0.00301         304.70702
    0.0000456715            321.30827           0.00300         304.60004
    0.0000501434            321.19895           0.00300         304.49641
    0.0000546715            321.09332           0.00300         304.39627
    0.0000592565            320.99119           0.00300         304.29946
    0.0000638992            320.89236           0.00300         304.20577
    0.0000686003            320.79658           0.00300         304.11497
    0.0000733606            320.70360           0.00300         304.02682
    0.0000781807            320.61319           0.00300         303.94111
    0.0000830614            320.52512           0.00300         303.85762
    0.0000880036            320.43918           0.00300         303.77615
    0.0000930079            320.35519           0.00300         303.69653
    0.0000980751            320.27298           0.00300         303.61860
    0.0001032061            320.19238           0.00300         303.54219
    0.0001084017            320.11326           0.00300         303.46719
    0.0001136625            320.03549           0.00300         303.39346
    0.0001189896            319.95894           0.00299         303.32090
    0.0001243837            319.88352           0.00299         303.24940
    0.0001298456            319.80912           0.00299         303.17886
    0.0001353762            319.73565           0.00299         303.10921
    0.0001409764            319.66302           0.00299         303.04037
    0.0001466470            319.59117           0.00299         302.97225
    0.0001523889            319.52002           0.00299         302.90481
    0.0001582031            319.44951           0.00299         302.83796
    0.0001640904            319.37957           0.00299         302.77166
    0.0001700518            319.31015           0.00299         302.70585
    0.0001760881            319.24120           0.00299         302.64049
    0.0001822004            319.17267           0.00299         302.57552
    0.0001883896            319.10451           0.00299         302.51091
    0.0001946566            319.03668           0.00299         302.44661
    0.0002010024            318.96914           0.00299         302.38258
    0.0002074281            318.90185           0.00299         302.31879
    0.0002139345            318.83478           0.00299         302.25521
    0.0002205229            318.76790           0.00299         302.19180
    0.0002271941            318.70116           0.00299         302.12854
    0.0002339492            318.63454           0.00299         302.06539
    0.0002407892            318.56802           0.00299         302.00233
    0.0002477154            318.50156           0.00299         301.93933
    0.0002547286            318.43514           0.00299         301.87637
    0.0002618300            318.36874           0.00299         301.81342
    0.0002690208            318.30233           0.00299         301.75046
    0.0002763020            318.23588           0.00299         301.68747
    0.0002836749            318.16938           0.00298         301.62442
    0.0002911404            318.10280           0.00298         301.56131
    0.0002986999            318.03612           0.00298         301.49810
    0.0003063544            317.96933           0.00298         301.43479
    0.0003141052            317.90241           0.00298         301.37135
    0.0003219535            317.83533           0.00298         301.30776
    0.0003299006            317.76808           0.00298         301.24401
    0.0003379476            317.70064           0.00298         301.18008
    0.0003460958            317.63300           0.00298         301.11596
    0.0003543465            317.56514           0.00298         301.05162
    0.0003627010            317.49704           0.00298         300.98707
    0.0003711605            317.42868           0.00298         300.92227
    0.0003797265            317.36006           0.00298         300.85721
    0.0003884003            317.29115           0.00298         300.79189
    0.0003971831            317.22194           0.00298         300.72629
    0.0004060764            317.15243           0.00298         300.66039
    0.0004150816            317.08258           0.00298         300.59418
    0.0004242000            317.01240           0.00298         300.52765
    0.0004334331            316.94186           0.00298         300.46078
    0.0004427824            316.87095           0.00298         300.39356
    0.0004522493            316.79967           0.00298         300.32598
    0.0004618353            316.72798           0.00298         300.25803
    0.0004715418            316.65590           0.00298         300.18970
    0.0004813704            316.58339           0.00298         300.12096
    0.0004913227            316.51045           0.00298         300.05182
    0.0005014001            316.43707           0.00298         299.98225
    0.0005116043            316.36322           0.00298         299.91225
    0.0005219368            316.28891           0.00298         299.84181
    0.0005323994            316.21412           0.00298         299.77091
    0.0005429935            316.13883           0.00298         299.69954
    0.0005537208            316.06304           0.00298         299.62769
    0.0005645832            315.98672           0.00298         299.55535
    0.0005755821            315.90988           0.00298         299.48250
    0.0005867194            315.83249           0.00298         299.40915
    0.0005979968            315.75455           0.00298         299.33526
    0.0006094160            315.67605           0.00298         299.26084
    0.0006209789            315.59696           0.00298         299.18587
    0.0006326872            315.51729           0.00298         299.11035
    0.0006445428            315.43701           0.00298         299.03425
    0.0006565475            315.35612           0.00298         298.95757
    0.0006687032            315.27460           0.00298         298.88029
    0.0006810118            315.19245           0.00298         298.80242
    0.0006934752            315.10964           0.00298         298.72392
    0.0007060954            315.02618           0.00298         298.64480
    0.0007188744            314.94204           0.00298         298.56504
    0.0007318140            314.85721           0.00298         298.48463
    0.0007449165            314.77169           0.00298         298.40356
    0.0007581837            314.68546           0.00298         298.32182
    0.0007716179            314.59850           0.00298         298.23939
    0.0007852210            314.51081           0.00298         298.15626
    0.0007989952            314.42238           0.00298         298.07243
    0.0008129427            314.33319           0.00298         297.98788
    0.0008270656            314.24322           0.00298         297.90260
    0.0008413662            314.15248           0.00298         297.81658
    0.0008558466            314.06093           0.00298         297.72980
    0.0008705092            313.96858           0.00298         297.64226
    0.0008853562            313.87541           0.00298         297.55394
    0.0009003900            313.78141           0.00298         297.46483
    0.0009156129            313.68656           0.00298         297.37492
    0.0009310272            313.59085           0.00298         297.28419
    0.0009466354            313.49427           0.00298         297.19264
    0.0009624400            313.39680           0.00298         297.10025
    0.0009784434            313.29844           0.00298         297.00701
    0.0009946480            313.19916           0.00298         296.91290
    0.0010110565            313.09896           0.00298         296.81792
    0.0010276714            312.99783           0.00298         296.72205
    0.0010444953            312.89574           0.00298         296.62528
    0.0010615308            312.79269           0.00298         296.52759
    0.0010787805            312.68866           0.00299         296.42898
    0.0010962473            312.58363           0.00299         296.32943
    0.0011139337            312.47761           0.00299         296.22892
    0.0011318427            312.37056           0.00299         296.12745
    0.0011499768            312.26248           0.00299         296.02500
    0.0011683391            312.15335           0.00299         295.92155
    0.0011869324            312.04316           0.00299         295.81710
    0.0012057595            311.93189           0.00299         295.71162
    0.0012248235            311.81953           0.00299         295.60512
    0.0012441272            311.70606           0.00299         295.49756
    0.0012636738            311.59147           0.00299         295.38894
    0.0012834662            311.47575           0.00299         295.27924
    0.0013035076            311.35887           0.00299         295.16846
    0.0013238010            311.24083           0.00299         295.05657
    0.0013443497            311.12161           0.00299         294.94355
    0.0013651569            311.00119           0.00300         294.82941
    0.0013862259            310.87956           0.00300         294.71411
    0.0014075598            310.75670           0.00300         294.59765
    0.0014291621            310.63259           0.00300         294.48001
    0.0014510361            310.50723           0.00300         294.36117
    0.0014731852            310.38058           0.00300         294.24113
    0.0014956130            310.25265           0.00300         294.11986
    0.0015183228            310.12340           0.00300         293.99734
    0.0015413183            309.99283           0.00300         293.87357
    0.0015646031            309.86091           0.00300         293.74853
    0.0015881807            309.72763           0.00301         293.62220
    0.0016120549            309.59298           0.00301         293.49456
    0.0016362294            309.45693           0.00301         293.36560
    0.0016607080            309.31947           0.00301         293.23530
    0.0016854945            309.18058           0.00301         293.10365
    0.0017105928            309.04024           0.00301         292.97062
    0.0017360068            308.89843           0.00301         292.83621
    0.0017617404            308.75514           0.00302         292.70038
    0.0017877977            308.61035           0.00302         292.56314
    0.0018141828            308.46404           0.00302         292.42445
    0.0018408998            308.31618           0.00302         292.28430
    0.0018679528            308.16677           0.00302         292.14268
    0.0018953461            308.01578           0.00303         291.99956
    0.0019230840            307.86319           0.00303         291.85492
    0.0019511708            307.70899           0.00303         291.70876
    0.0019796108            307.55315           0.00303         291.56104
    0.0020084086            307.39566           0.00303         291.41176
    0.0020375687            307.23649           0.00304         291.26088
    0.0020670955            307.07562           0.00304         291.10840
    0.0020969937            306.91303           0.00304         290.95429
    0.0021272680            306.74871           0.00304         290.79854
    0.0021579231            306.58263           0.00305         290.64111
    0.0021889638            306.41477           0.00305         290.48201
    0.0022203949            306.24511           0.00305         290.32119
    0.0022522214            306.07363           0.00305         290.15865
    0.0022844482            305.90030           0.00306         289.99436
    0.0023170804            305.72511           0.00306         289.82831
    0.0023501230            305.54804           0.00306         289.66046
    0.0023835813            305.36905           0.00307         289.49081
    0.0024174604            305.18813           0.00307         289.31932
    0.0024517657            305.00525           0.00307         289.14599
    0.0024865025            304.82040           0.00308         288.97077
    0.0025216762            304.63355           0.00308         288.79366
    0.0025572923            304.44467           0.00308         288.61464
    0.0025933564            304.25374           0.00309         288.43367
    0.0026298742            304.06074           0.00309         288.25074
    0.0026668513            303.86565           0.00309         288.06582
    0.0027042935            303.66843           0.00310         287.87889
    0.0027422067            303.46908           0.00310         287.68993
    0.0027805968            303.26755           0.00311         287.49892
    0.0028194697            303.06382           0.00311         287.30583
    0.0028588317            302.85788           0.00312         287.11063
    0.0028986887            302.64970           0.00312         286.91330
    0.0029390471            302.43924           0.00313         286.71383
    0.0029799131            302.22648           0.00313         286.51217
    0.0030212931            302.01141           0.00314         286.30832
    0.0030631937            301.79398           0.00314         286.10224
    0.0031056213            301.57418           0.00315         285.89391
    0.0031485825            301.35198           0.00315         285.68330
    0.0031920842            301.12734           0.00316         285.47039
    0.0032361330            300.90025           0.00316         285.25515
    0.0032807359            300.67068           0.00317         285.03756
    0.0033258999            300.43859           0.00318         284.81759
    0.0033716319            300.20396           0.00318         284.59520
    0.0034179392            299.96676           0.00319         284.37039
    0.0034648289            299.72697           0.00320         284.14311
    0.0035123084            299.48454           0.00320         283.91335
    0.0035603852            299.23947           0.00321         283.68106
    0.0036090667            298.99170           0.00322         283.44624
    0.0036583605            298.74123           0.00322         283.20884
    0.0037082744            298.48801           0.00323         282.96884
    0.0037588161            298.23201           0.00324         282.72621
    0.0038099935            297.97321           0.00325         282.48093
    0.0038618147            297.71157           0.00326         282.23295
    0.0039142877            297.44707           0.00327         281.98227
    0.0039674208            297.17967           0.00327         281.72883
    0.0040212221            296.90934           0.00328         281.47262
    0.0040757002            296.63604           0.00329         281.21360
    0.0041308636            296.35976           0.00330         280.95175
    0.0041867208            296.08045           0.00331         280.68703
    0.0042432806            295.79808           0.00332         280.41942
    0.0043005519            295.51262           0.00333         280.14888
    0.0043585435            295.22404           0.00334         279.87537
    0.0044172646            294.93230           0.00336         279.59888
    0.0044767243            294.63738           0.00337         279.31936
    0.0045369320            294.33922           0.00338         279.03679
    0.0045978969            294.03781           0.00339         278.75113
    0.0046596287            293.73311           0.00340         278.46235
    0.0047221369            293.42508           0.00341         278.17042
    0.0047854315            293.11369           0.00343         277.87531
    0.0048495222            292.79890           0.00344         277.57698
    0.0049144190            292.48067           0.00345         277.27539
    0.0049801321            292.15898           0.00347         276.97052
    0.0050466718            291.83379           0.00348         276.66233
    0.0051140485            291.50505           0.00350         276.35078
    0.0051822727            291.17274           0.00351         276.03585
    0.0052513550            290.83681           0.00353         275.71749
    0.0053213063            290.49724           0.00354         275.39567
    0.0053921374            290.15398           0.00356         275.07036
    0.0054638595            289.80699           0.00358         274.74153
    0.0055364838            289.45624           0.00359         274.40912
    0.0056100215            289.10169           0.00361         274.07312
    0.0056844843            288.74330           0.00363         273.73348
    0.0057598836            288.38103           0.00365         273.39017
    0.0058362314            288.01484           0.00367         273.04314
    0.0059135395            287.64470           0.00369         272.69238
    0.0059918201            287.27057           0.00371         272.33782
    0.0060710852            286.89241           0.00373         271.97945
    0.0061513474            286.51017           0.00375         271.61722
    0.0062326192            286.12381           0.00377         271.25109
    0.0063149133            285.73331           0.00379         270.88102
    0.0063982425            285.33861           0.00382         270.50699
    0.0064826198            284.93967           0.00384         270.12894
    0.0065680585            284.53646           0.00386         269.74685
    0.0066545718            284.12894           0.00389         269.36066
    0.0067421734            283.71705           0.00391         268.97035
    0.0068308769            283.30077           0.00394         268.57587
    0.0069206961            282.88005           0.00396         268.17719
    0.0070116451            282.45485           0.00399         267.77426
    0.0071037381            282.02512           0.00402         267.36704
    0.0071969895            281.59082           0.00405         266.95550
    0.0072914138            281.15192           0.00408         266.53960
    0.0073870259            280.70836           0.00411         266.11928
    0.0074838406            280.26011           0.00414         265.69453
    0.0075818730            279.80712           0.00417         265.26528
    0.0076811386            279.34936           0.00420         264.83151
    0.0077816528            278.88676           0.00424         264.39317
    0.0078834313            278.41930           0.00427         263.95021
    0.0079864900            277.94693           0.00430         263.50261
    0.0080908451            277.46961           0.00434         263.05031
    0.0081965127            276.98728           0.00438         262.59328
    0.0083035095            276.49991           0.00441         262.13148
    0.0084118522            276.00746           0.00445         261.66485
    0.0085215576            275.50987           0.00449         261.19337
    0.0086326430            275.00711           0.00453         260.71699
    0.0087451256            274.49913           0.00457         260.23566
    0.0088590231            273.98588           0.00462         259.74934
    0.0089743533            273.46732           0.00466         259.25800
    0.0090911341            272.94341           0.00471         258.76159
    0.0092093838            272.41410           0.00475         258.26006
    0.0093291210            271.87935           0.00480         257.75338
    0.0094503642            271.33910           0.00485         257.24150
    0.0095731325            270.79333           0.00490         256.72438
    0.0096974451            270.24197           0.00495         256.20198
    0.0098233213            269.68499           0.00500         255.67425
    0.0099507808            269.12234           0.00505         255.14116
    0.0100798436            268.55397           0.00510         254.60265
    0.0102105298            267.97985           0.00516         254.05869
    0.0103428598            267.39992           0.00522         253.50924
    0.0104768543            266.81414           0.00528         252.95424
    0.0106125343            266.22247           0.00534         252.39367
    0.0107499209            265.62486           0.00540         251.82747
    0.0108890356            265.02127           0.00546         251.25561
    0.0110299001            264.41165           0.00552         250.67804
    0.0111725366            263.79595           0.00559         250.09472
    0.0113169671            263.17414           0.00566         249.50561
    0.0114632144            262.54616           0.00573         248.91066
    0.0116113013            261.91198           0.00580         248.30984
    0.0117612508            261.27154           0.00587         247.70310
    0.0119130865            260.62482           0.00594         247.09041
    0.0120668320            259.97175           0.00602         246.47171
    0.0122225114            259.31231           0.00610         245.84697
    0.0123801491            258.64644           0.00618         245.21615
    0.0125397695            257.97410           0.00626         244.57921
    0.0127013978            257.29525           0.00634         243.93611
    0.0128650590            256.60985           0.00643         243.28680
    0.0130307789            255.91785           0.00652         242.63125
    0.0131985833            255.21921           0.00660         241.96941
    0.0133684984            254.51390           0.00670         241.30126
    0.0135405508            253.80187           0.00679         240.62675
    0.0137147673            253.08308           0.00689         239.94583
    0.0138911752            252.35748           0.00699         239.25848
    0.0140698020            251.62505           0.00709         238.56466
    0.0142506757            250.88573           0.00719         237.86432
    0.0144338245            250.13949           0.00730         237.15743
    0.0146192770            249.38630           0.00740         236.44396
    0.0148070622            248.62611           0.00751         235.72387
    0.0149972095            247.85889           0.00763         234.99712
    0.0151897485            247.08459           0.00774         234.26368
    0.0153847094            246.30319           0.00786         233.52351
    0.0155821226            245.51464           0.00798         232.77659
    0.0157820189            244.71891           0.00811         232.02287
    0.0159844296            243.91597           0.00824         231.26232
    0.0161893864            243.10579           0.00837         230.49492
    0.0163969211            242.28832           0.00850         229.72062
    0.0166070664            241.46354           0.00864         228.93941
    0.0168198549            240.63142           0.00877         228.15125
    0.0170353200            239.79192           0.00892         227.35611
    0.0172534953            238.94501           0.00906         226.55396
    0.0174744149            238.09067           0.00921         225.74478
    0.0176981134            237.22887           0.00937         224.92854
    0.0179246256            236.35957           0.00952         224.10521
    0.0181539870            235.48276           0.00968         223.27477
    0.0183862334            234.59840           0.00985         222.43719
    0.0186214011            233.70648           0.01001         221.59246
    0.0188595268            232.80696           0.01018         220.74054
    0.0191006478            231.89983           0.01036         219.88142
    0.0193448018            230.98507           0.01054         219.01508
    0.0195920268            230.06265           0.01072         218.14150
    0.0198423615            229.13256           0.01091         217.26065
    0.0200958450            228.19477           0.01110         216.37254
    0.0203525170            227.24927           0.01130         215.47713
    0.0206124175            226.29605           0.01150         214.57441
    0.0208755872            225.33509           0.01170         213.66437
    0.0211420671            224.36638           0.01191         212.74701
    0.0214118989            223.38990           0.01212         211.82230
    0.0216851248            222.40565           0.01234         210.89024
    0.0219617874            221.41362           0.01257         209.95082
    0.0222419301            220.41380           0.01279         209.00403
    0.0225255965            219.40619           0.01303         208.04988
    0.0228128310            218.39078           0.01327         207.08835
    0.0231036784            217.36756           0.01351         206.11944
    0.0233981843            216.33655           0.01376         205.14316
    0.0236963946            215.29773           0.01401         204.15950
    0.0239983559            214.25112           0.01427         203.16847
    0.0243041154            213.19671           0.01454         202.17007
    0.0246137209            212.13451           0.01481         201.16431
    0.0249272207            211.06454           0.01509         200.15120
    0.0252446639            209.98679           0.01537         199.13073
    0.0255661001            208.90129           0.01566         198.10294
    0.0258915794            207.80804           0.01596         197.06782
    0.0262211527            206.70707           0.01626         196.02540
    0.0265548716            205.59838           0.01657         194.97569
    0.0268927881            204.48201           0.01689         193.91871
    0.0272349551            203.35796           0.01721         192.85448
    0.0275814260            202.22627           0.01754         191.78303
    0.0279322550            201.08696           0.01788         190.70438
    0.0282874969            199.94007           0.01822         189.61855
    0.0286472071            198.78561           0.01857         188.52558
    0.0290114420            197.62363           0.01893         187.42550
    0.0293802584            196.45416           0.01929         186.31834
    0.0297537139            195.27723           0.01967         185.20414
    0.0301318669            194.09290           0.02005         184.08294
    0.0305147765            192.90120           0.02044         182.95478
    0.0309025025            191.70217           0.02083         181.81969
    0.0312951055            190.49587           0.02124         180.67774
    0.0316926468            189.28235           0.02165         179.52895
    0.0320951886            188.06166           0.02207         178.37340
    0.0325027937            186.83385           0.02250         177.21112
    0.0329155259            185.59898           0.02294         176.04218
    0.0333334496            184.35713           0.02339         174.86662
    0.0337566301            183.10834           0.02385         173.68453
    0.0341851336            181.85269           0.02432         172.49595
    0.0346190270            180.59025           0.02479         171.30096
    0.0350583781            179.32108           0.02528         170.09961
    0.0355032556            178.04528           0.02577         168.89200
    0.0359537289            176.76291           0.02628         167.67818
    0.0364098685            175.47406           0.02680         166.45824
    0.0368717456            174.17881           0.02732         165.23226
    0.0373394325            172.87725           0.02786         164.00033
    0.0378130021            171.56947           0.02840         162.76251
    0.0382925284            170.25557           0.02896         161.51892
    0.0387780865            168.93564           0.02953         160.26964
    0.0392697522            167.60979           0.03011         159.01476
    0.0397676022            166.27811           0.03070         157.75438
    0.0402717144            164.94073           0.03130         156.48861
    0.0407821676            163.59773           0.03191         155.21755
    0.0412990414            162.24925           0.03254         153.94130
    0.0418224168            160.89540           0.03318         152.65998
    0.0423523754            159.53629           0.03382         151.37371
    0.0428890001            158.17205           0.03449         150.08259
    0.0434323746            156.80281           0.03516         148.78675
    0.0439825840            155.42870           0.03584         147.48630
    0.0445397142            154.04986           0.03654         146.18139
    0.0451038521            152.66641           0.03725         144.87214
    0.0456750861            151.27850           0.03798         143.55867
    0.0462535053            149.88628           0.03872         142.24113
    0.0468392002            148.48989           0.03947         140.91966
    0.0474322621            147.08949           0.04023         139.59439
    0.0480327839            145.68522           0.04101         138.26548
    0.0486408593            144.27724           0.04181         136.93307
    0.0492565834            142.86573           0.04261         135.59731
    0.0498800523            141.45083           0.04343         134.25837
    0.0505113634            140.03272           0.04427         132.91639
    0.0511506155            138.61157           0.04512         131.57154
    0.0517979084            137.18756           0.04598         130.22398
    0.0524533433            135.76086           0.04686         128.87389
    0.0531170225            134.33165           0.04776         127.52143
    0.0537890497            132.90012           0.04867         126.16677
    0.0544695300            131.46646           0.04959         124.81010
    0.0551585697            130.03085           0.05054         123.45159
    0.0558562765            128.59349           0.05149         122.09142
    0.0565627593            127.15458           0.05247         120.72979
    0.0572781286            125.71432           0.05346         119.36687
    0.0580024961            124.27291           0.05446         118.00287
    0.0587359751            122.83056           0.05548         116.63798
    0.0594786800            121.38748           0.05652         115.27238
    0.0602307271            119.94388           0.05758         113.90629
    0.0609922337            118.49997           0.05865         112.53991
    0.0617633190            117.05598           0.05974         111.17343
    0.0625441032            115.61211           0.06084         109.80707
    0.0633347086            114.16861           0.06197         108.44104
    0.0641352585            112.72569           0.06311         107.07555
    0.0649458781            111.28357           0.06426         105.71082
    0.0657666940            109.84250           0.06544         104.34705
    0.0665978345            108.40271           0.06663         102.98448
    0.0674394295            106.96442           0.06784         101.62331
    0.0682916105            105.52788           0.06907         100.26378
    0.0691545106            104.09333           0.07032          98.90611
    0.0700282646            102.66100           0.07158          97.55053
    0.0709130091            101.23115           0.07286          96.19726
    0.0718088823             99.80401           0.07417          94.84653
    0.0727160242             98.37983           0.07548          93.49858
    0.0736345765             96.95887           0.07682          92.15364
    0.0745646828             95.54136           0.07818          90.81194
    0.0755064884             94.12757           0.07955          89.47372
    0.0764601405             92.71774           0.08095          88.13921
    0.0774257880             91.31212           0.08236          86.80865
    0.0784035819             89.91097           0.08379          85.48228
    0.0793936749             88.51455           0.08524          84.16033
    0.0803962218             87.12310           0.08670          82.84306
    0.0814113791             85.73689           0.08819          81.53068
    0.0824393056             84.35616           0.08969          80.22345
    0.0834801617             82.98118           0.09121          78.92161
    0.0845341103             81.61221           0.09275          77.62539
    0.0856013158             80.24948           0.09431          76.33503
    0.0866819452             78.89328           0.09589          75.05078
    0.0877761672             77.54383           0.09749          73.77286
    0.0888841528             76.20141           0.09910          72.50152
    0.0900060752             74.86626           0.10073          71.23700
    0.0911421096             73.53864           0.10238          69.97953
    0.0922924336             72.21880           0.10405          68.72934
    0.0934572268             70.90698           0.10573          67.48667
    0.0946366714             69.60344           0.10744          66.25176
    0.0958309515             68.30842           0.10916          65.02482
    0.0970402539             67.02216           0.11090          63.80609
    0.0982647674             65.74492           0.11265          62.59580
    0.0995046833             64.47692           0.11442          61.39416
    0.1007601955             63.21841           0.11621          60.20141
    0.1020315001             61.96961           0.11801          59.01775
    0.1033187958             60.73078           0.11983          57.84342
    0.1046222836             59.50212           0.12167          56.67861
    0.1059421673             58.28387           0.12352          55.52354
    0.1072786530             57.07625           0.12539          54.37842
    0.1086319497             55.87947           0.12727          53.24345
    0.1100022688             54.69377           0.12916          52.11883
    0.1113898244             53.51933           0.13108          51.00476
    0.1127948332             52.35638           0.13300          49.90142
    0.1142175149             51.20511           0.13494          48.80902
    0.1156580918             50.06572           0.13689          47.72773
    0.1171167888             48.93840           0.13885          46.65772
    0.1185938340             47.82334           0.14083          45.59919
    0.1200894582             46.72074           0.14281          44.55229
    0.1216038950             45.63075           0.14481          43.51719
    0.1231373810             44.55356           0.14682          42.49405
    0.1246901560             43.48932           0.14884          41.48303
    0.1262624624             42.43822           0.15087          40.48427
    0.1278545460             41.40038           0.15290          39.49792
    0.1294666556             40.37598           0.15495          38.52412
    0.1310990430             39.36514           0.15700          37.56299
    0.1327519633             38.36800           0.15907          36.61467
    0.1344256748             37.38470           0.16113          35.67927
    0.1361204390             36.41535           0.16321          34.75690
    0.1378365207             35.46008           0.16528          33.84769
    0.1395741881             34.51898           0.16737          32.95171
    0.1413337126             33.59217           0.16945          32.06908
    0.1431153692             32.67973           0.17154          31.19987
    0.1449194363             31.78176           0.17363          30.34416
    0.1467461958             30.89833           0.17573          29.50204
    0.1485959331             30.02951           0.17782          28.67356
    0.1504689372             29.17538           0.17991          27.85879
    0.1523655007             28.33598           0.18200          27.05778
    0.1542859202             27.51137           0.18409          26.27057
    0.1562304955             26.70158           0.18618          25.49720
    0.1581995306             25.90666           0.18826          24.73770
    0.1601933331             25.12662           0.19034          23.99210
    0.1622122145             24.36149           0.19241          23.26041
    0.1642564903             23.61126           0.19448          22.54263
    0.1663264800             22.87595           0.19653          21.83878
    0.1684225069             22.15555           0.19858          21.14884
    0.1705448986             21.45004           0.20062          20.47281
    0.1726939867             20.75940           0.20265          19.81065
    0.1748701070             20.08360           0.20466          19.16234
    0.1770735996             19.42260           0.20667          18.52785
    0.1793048086             18.77635           0.20865          17.90713
    0.1815640828             18.14480           0.21063          17.30013
    0.1838517752             17.52789           0.21258          16.70679
    0.1861682432             16.92554           0.21452          16.12705
    0.1885138488             16.33768           0.21644          15.56085
    0.1908889584             15.76422           0.21834          15.00809
    0.1932939433             15.20507           0.22022          14.46869
    0.1957291792             14.66013           0.22207          13.94257
    0.1981950465             14.12929           0.22391          13.42962
    0.2006919307             13.61244           0.22571          12.92973
    0.2032202217             13.10945           0.22750          12.44281
    0.2057803148             12.62019           0.22925          11.96872
    0.2083726099             12.14454           0.23097          11.50734
    0.2109975120             11.68234           0.23267          11.05855
    0.2136554314             11.23344           0.23434          10.62221
    0.2163467832             10.79770           0.23597          10.19818
    0.2190719881             10.37496           0.23757           9.78630
    0.2218314718              9.96503           0.23913           9.38644
    0.2246256656              9.56776           0.24066           8.99843
    0.2274550060              9.18297           0.24215           8.62211
    0.2303199352              8.81047           0.24360           8.25731
    0.2332209007              8.45007           0.24501           7.90387
    0.2361583558              8.10159           0.24638           7.56161
    0.2391327596              7.76482           0.24771           7.23034
    0.2421445768              7.43957           0.24900           6.90990
    0.2451942780              7.12562           0.25024           6.60009
    0.2482823397              6.82277           0.25143           6.30072
    0.2514092444              6.53082           0.25258           6.01160
    0.2545754808              6.24953           0.25368           5.73253
    0.2577815435              5.97869           0.25473           5.46333
    0.2610279335              5.71809           0.25573           5.20378
    0.2643151581              5.46749           0.25667           4.95369
    0.2676437308              5.22668           0.25757           4.71285
    0.2710141719              4.99542           0.25841           4.48106
    0.2744270079              4.77349           0.25920           4.25811
    0.2778827720              4.56066           0.25993           4.04379
    0.2813820044              4.35668           0.26060           3.83790
    0.2849252516              4.16135           0.26121           3.64023
    0.2885130675              3.97441           0.26177           3.45056
    0.2921460125              3.79563           0.26227           3.26869
    0.2958246543              3.62479           0.26270           3.09442
    0.2995495677              3.46166           0.26308           2.92752
    0.3033213348              3.30599           0.26339           2.76780
    0.3071405449              3.15757           0.26364           2.61505
    0.3110077947              3.01615           0.26382           2.46906
    0.3149236885              2.88152           0.26394           2.32962
    0.3188888382              2.75345           0.26400           2.19655
    0.3229038634              2.63170           0.26399           2.06962
    0.3269693913              2.51607           0.26391           1.94865
    0.3310860574              2.40632           0.26377           1.83343
    0.3352545046              2.30225           0.26356           1.72378
    0.3394753845              2.20363           0.26329           1.61950
    0.3437493566              2.11026           0.26294           1.52040
    0.3480770885              2.02192           0.26253           1.42630
    0.3524592567              1.93841           0.26206           1.33700
    0.3568965457              1.85953           0.26151           1.25234
    0.3613896490              1.78509           0.26090           1.17213
    0.3659392685              1.71488           0.26021           1.09619
    0.3705461153              1.64871           0.25947           1.02437
    0.3752109090              1.58640           0.25865           0.95648
    0.3799343786              1.52777           0.25777           0.89237
    0.3847172621              1.47264           0.25682           0.83188
    0.3895603069              1.42084           0.25580           0.77484
    0.3944642697              1.37219           0.25472           0.72112
    0.3994299167              1.32653           0.25358           0.67055
    0.4044580240              1.28370           0.25237           0.62300
    0.4095493770              1.24355           0.25109           0.57832
    0.4147047713              1.20592           0.24976           0.53638
    0.4199250125              1.17066           0.24836           0.49705
    0.4252109163              1.13765           0.24690           0.46019
    0.4305633086              1.10673           0.24538           0.42568
    0.4359830257              1.07777           0.24380           0.39340
    0.4414709144              1.05066           0.24216           0.36324
    0.4470278322              1.02526           0.24046           0.33508
    0.4526546475              1.00145           0.23870           0.30881
    0.4583522394              0.97913           0.23689           0.28433
    0.4641214982              0.95818           0.23502           0.26154
    0.4699633254              0.93850           0.23310           0.24035
    0.4758786336              0.91999           0.23112           0.22065
    0.4818683473              0.90255           0.22909           0.20237
    0.4879334023              0.88609           0.22700           0.18542
    0.4940747463              0.87053           0.22486           0.16971
    0.5002933390              0.85579           0.22267           0.15517
    0.5065901518              0.84178           0.22044           0.14173
    0.5129661689              0.82844           0.21815           0.12932
    0.5194223863              0.81570           0.21582           0.11787
    0.5259598130              0.80349           0.21343           0.10732
    0.5325794704              0.79174           0.21101           0.09760
    0.5392823928              0.78042           0.20854           0.08867
    0.5460696276              0.76945           0.20603           0.08046
    0.5529422353              0.75880           0.20348           0.07293
    0.5599012898              0.74841           0.20089           0.06603
    0.5669478784              0.73825           0.19826           0.05971
    0.5740831021              0.72828           0.19560           0.05393
    0.5813080760              0.71846           0.19290           0.04865
    0.5886239288              0.70876           0.19017           0.04384
    0.5960318037              0.69916           0.18742           0.03945
    0.6035328582              0.68961           0.18463           0.03546
    0.6111282644              0.68011           0.18182           0.03184
    0.6188192090              0.67063           0.17898           0.02855
    0.6266068938              0.66116           0.17612           0.02556
    0.6344925356              0.65166           0.17324           0.02286
    0.6424773666              0.64214           0.17034           0.02041
    0.6505626344              0.63258           0.16742           0.01821
    0.6587496023              0.62298           0.16449           0.01622
    0.6670395496              0.61331           0.16155           0.01443
    0.6754337716              0.60359           0.15860           0.01281
    0.6839335799              0.59379           0.15564           0.01137
    0.6925403027              0.58393           0.15268           0.01007
    0.7012552847              0.57399           0.14971           0.00891
    0.7100798877              0.56399           0.14674           0.00787
    0.7190154905              0.55391           0.14377           0.00694
    0.7280634893              0.54377           0.14080           0.00611
    0.7372252980              0.53356           0.13783           0.00537
    0.7465023481              0.52329           0.13488           0.00472
    0.7558960890              0.51297           0.13193           0.00414
    0.7654079887              0.50260           0.12899           0.00362
    0.7750395334              0.49219           0.12606           0.00316
    0.7847922279              0.48174           0.12315           0.00276
    0.7946675963              0.47126           0.12026           0.00240
    0.8046671815              0.46077           0.11738           0.00209
    0.8147925460              0.45026           0.11452           0.00182
    0.8250452719              0.43975           0.11168           0.00157
    0.8354269613              0.42925           0.10887           0.00136
    0.8459392362              0.41877           0.10608           0.00118
    0.8565837392              0.40830           0.10331           0.00102
    0.8673621336              0.39788           0.10058           0.00087
    0.8782761036              0.38749           0.09787           0.00075
    0.8893273543              0.37716           0.09520           0.00064
    0.9005176127              0.36689           0.09255           0.00055
    0.9118486272              0.35669           0.08994           0.00047
    0.9233221683              0.34657           0.08737           0.00040
    0.9349400289              0.33654           0.08482           0.00034
    0.9467040241              0.32660           0.08232           0.00029
    0.9586159921              0.31677           0.07985           0.00025
    0.9706777943              0.30705           0.07743           0.00021
    0.9828913152              0.29745           0.07504           0.00018
    0.9952584634              0.28798           0.07269           0.00015
    1.0077811711              0.27863           0.07038           0.00013
    1.0204613950              0.26943           0.06812           0.00011
    1.0333011166              0.26038           0.06589           0.00009
    1.0463023420              0.25147           0.06371           0.00007
    1.0594671027              0.24272           0.06158           0.00006
    1.0727974556              0.23413           0.05948           0.00005
    1.0862954838              0.22571           0.05744           0.00004
    1.0999632963              0.21746           0.05543           0.00004
    1.1138030286              0.20938           0.05347           0.00003
    1.1278168434              0.20147           0.05156           0.00002
    1.1420069303              0.19375           0.04969           0.00002
    1.1563755065              0.18620           0.04786           0.00002
    1.1709248171              0.17884           0.04608           0.00001
    1.1856571355              0.17166           0.04434           0.00001
    1.2005747637              0.16467           0.04265           0.00001
    1.2156800325              0.15787           0.04101           0.00001
    1.2309753023              0.15125           0.03940           0.00001
    1.2464629628              0.14482           0.03785           0.00000
    1.2621454342              0.13857           0.03633           0.00000
    1.2780251667              0.13252           0.03486           0.00000
    1.2941046417              0.12664           0.03343           0.00000
    1.3103863716              0.12095           0.03205           0.00000
    1.3268729004              0.11545           0.03070           0.00000
    1.3435668042              0.11013           0.02940           0.00000
    1.3604706915              0.10498           0.02814           0.00000
    1.3775872036              0.10002           0.02692           0.00000
    1.3949190148              0.09522           0.02574           0.00000
    1.4124688334              0.09060           0.02460           0.00000
    1.4302394015              0.08615           0.02350           0.00000
    1.4482334959              0.08187           0.02243           0.00000
    1.4664539281              0.07775           0.02140           0.00000
    1.4849035451              0.07379           0.02041           0.00000
    1.5035852298              0.06999           0.01946           0.00000
    1.5225019011              0.06634           0.01854           0.00000
    1.5416565148              0.06285           0.01765           0.00000
    1.5610520639              0.05949           0.01680           0.00000
    1.5806915790              0.05629           0.01598           0.00000
    1.6005781288              0.05322           0.01519           0.00000
    1.6207148206              0.05028           0.01443           0.00000
    1.6411048008              0.04748           0.01371           0.00000
    1.6617512554              0.04480           0.01301           0.00000
    1.6826574104              0.04225           0.01234           0.00000
    1.7038265324              0.03982           0.01170           0.00000
    1.7252619292              0.03751           0.01109           0.00000
    1.7469669502              0.03530           0.01050           0.00000
    1.7689449866              0.03321           0.00994           0.00000
    1.7911994728              0.03122           0.00940           0.00000
    1.8137338859              0.02932           0.00889           0.00000
    1.8365517471              0.02753           0.00840           0.00000
    1.8596566216              0.02583           0.00793           0.00000
    1.8830521196              0.02422           0.00749           0.00000
    1.9067418968              0.02269           0.00706           0.00000
    1.9307296547              0.02125           0.00666           0.00000
    1.9550191415              0.01989           0.00627           0.00000
    1.9796141524              0.01860           0.00591           0.00000
    2.0045185304              0.01738           0.00556           0.00000
    2.0297361670              0.01623           0.00523           0.00000
    2.0552710024              0.01515           0.00491           0.00000
    2.0811270264              0.01413           0.00462           0.00000
    2.1073082792              0.01318           0.00433           0.00000
    2.1338188517              0.01228           0.00407           0.00000
    2.1606628860              0.01143           0.00381           0.00000
    2.1878445768              0.01063           0.00357           0.00000
    2.2153681712              0.00989           0.00335           0.00000
    2.2432379697              0.00919           0.00313           0.00000
    2.2714583272              0.00853           0.00293           0.00000
    2.3000336530              0.00792           0.00274           0.00000
    2.3289684122              0.00734           0.00256           0.00000
    2.3582671259              0.00680           0.00239           0.00000
    2.3879343720              0.00630           0.00223           0.00000
    2.4179747861              0.00583           0.00208           0.00000
    2.4483930622              0.00539           0.00193           0.00000
    2.4791939530              0.00499           0.00180           0.00000
    2.5103822714              0.00461           0.00168           0.00000
    2.5419628905              0.00425           0.00156           0.00000
    2.5739407449              0.00392           0.00145           0.00000
    2.6063208312              0.00362           0.00134           0.00000
    2.6391082088              0.00333           0.00125           0.00000
    2.6723080009              0.00307           0.00116           0.00000
    2.7059253949              0.00282           0.00107           0.00000
    2.7399656437              0.00260           0.00099           0.00000
    2.7744340662              0.00239           0.00092           0.00000
    2.8093360480              0.00219           0.00085           0.00000
    2.8446770427              0.00201           0.00078           0.00000
    2.8804625724              0.00184           0.00072           0.00000
    2.9166982286              0.00169           0.00067           0.00000
    2.9533896733              0.00155           0.00062           0.00000
    2.9905426395              0.00142           0.00057           0.00000
    3.0281629326              0.00129           0.00052           0.00000
    3.0662564306              0.00118           0.00048           0.00000
    3.1048290859              0.00108           0.00044           0.00000
    3.1438869255              0.00099           0.00040           0.00000
    3.1834360522              0.00090           0.00037           0.00000
    3.2234826456              0.00082           0.00034           0.00000
    3.2640329632              0.00075           0.00031           0.00000
    3.3050933410              0.00068           0.00029           0.00000
    3.3466701948              0.00062           0.00026           0.00000
    3.3887700211              0.00056           0.00024           0.00000
    3.4313993979              0.00051           0.00022           0.00000
    3.4745649863              0.00046           0.00020           0.00000
    3.5182735310              0.00042           0.00018           0.00000
    3.5625318614              0.00038           0.00016           0.00000
    3.6073468932              0.00034           0.00015           0.00000
    3.6527256286              0.00031           0.00014           0.00000
    3.6986751583              0.00028           0.00012           0.00000
    3.7452026619              0.00025           0.00011           0.00000
    3.7923154095              0.00023           0.00010           0.00000
    3.8400207624              0.00020           0.00009           0.00000
    3.8883261748              0.00018           0.00008           0.00000
    3.9372391946              0.00017           0.00007           0.00000
    3.9867674643              0.00015           0.00007           0.00000
    4.0369187231              0.00013           0.00006           0.00000
    4.0877008069              0.00012           0.00005           0.00000
    4.1391216508              0.00011           0.00005           0.00000
    4.1911892893              0.00010           0.00004           0.00000
    4.2439118580              0.00009           0.00004           0.00000
    4.2972975950              0.00008           0.00004           0.00000
    4.3513548419              0.00007           0.00003           0.00000
    4.4060920453              0.00006           0.00003           0.00000
    4.4615177579              0.00005           0.00003           0.00000
    4.5176406402              0.00005           0.00002           0.00000
    4.5744694614              0.00004           0.00002           0.00000
    4.6320131012              0.00004           0.00002           0.00000
    4.6902805509              0.00003           0.00002           0.00000
    4.7492809149              0.00003           0.00001           0.00000
    4.8090234121              0.00003           0.00001           0.00000
    4.8695173774              0.00002           0.00001           0.00000
    4.9307722631              0.00002           0.00001           0.00000
    4.9927976405              0.00002           0.00001           0.00000
    5.0556032010              0.00002           0.00001           0.00000
    5.1191987582              0.00001           0.00001           0.00000
    5.1835942491              0.00001           0.00001           0.00000
    5.2487997355              0.00001           0.00001           0.00000
    5.3148254060              0.00001           0.00000           0.00000
    5.3816815772              0.00001           0.00000           0.00000
    5.4493786954              0.00001           0.00000           0.00000
    5.5179273386              0.00001           0.00000           0.00000
    5.5873382176              0.00001           0.00000           0.00000
    5.6576221780              0.00000           0.00000           0.00000
    5.7287902018              0.00000           0.00000           0.00000
    5.8008534091              0.00000           0.00000           0.00000
    5.8738230599              0.00000           0.00000           0.00000
    5.9477105560              0.00000           0.00000           0.00000
    6.0225274424              0.00000           0.00000           0.00000
    6.0982854093              0.00000           0.00000           0.00000
    6.1749962942              0.00000           0.00000           0.00000
    6.2526720832              0.00000           0.00000           0.00000
    6.3313249133              0.00000           0.00000           0.00000
    6.4109670743              0.00000           0.00000           0.00000
    6.4916110103              0.00000           0.00000           0.00000
    6.5732693222              0.00000           0.00000           0.00000
    6.6559547692              0.00000           0.00000           0.00000
    6.7396802711              0.00000           0.00000           0.00000
    6.8244589101              0.00000           0.00000           0.00000
    6.9103039332              0.00000           0.00000           0.00000
    6.9972287537              0.00000           0.00000           0.00000
    7.0852469538              0.00000           0.00000           0.00000
    7.1743722867              0.00000           0.00000           0.00000
    7.2646186782              0.00000           0.00000           0.00000
    7.3560002295              0.00000           0.00000           0.00000
    7.4485312193              0.00000           0.00000           0.00000
    7.5422261056              0.00000           0.00000           0.00000
    7.6370995286              0.00000           0.00000           0.00000
    7.7331663123              0.00000           0.00000           0.00000
    7.8304414673              0.00000           0.00000           0.00000
    7.9289401932              0.00000           0.00000           0.00000
    8.0286778806              0.00000           0.00000           0.00000
    8.1296701136              0.00000           0.00000           0.00000
    8.2319326725              0.00000           0.00000           0.00000
    8.3354815361              0.00000           0.00000           0.00000
    8.4403328840              0.00000           0.00000           0.00000
    8.5465030995              0.00000           0.00000           0.00000
    8.6540087720              0.00000           0.00000           0.00000
    8.7628666993              0.00000           0.00000           0.00000
    8.8730938908              0.00000           0.00000           0.00000
    8.9847075697              0.00000           0.00000           0.00000
    9.0977251758              0.00000           0.00000           0.00000
    9.2121643684              0.00000           0.00000           0.00000
    9.3280430289              0.00000           0.00000           0.00000
    9.4453792634              0.00000           0.00000           0.00000
    9.5641914061              0.00000           0.00000           0.00000
    9.6844980216              0.00000           0.00000           0.00000
    9.8063179081              0.00000           0.00000           0.00000
    9.9296701000              0.00000           0.00000           0.00000
   10.0545738715              0.00000           0.00000           0.00000
   10.1810487391              0.00000           0.00000           0.00000
   10.3091144647              0.00000           0.00000           0.00000
   10.4387910587              0.00000           0.00000           0.00000
   10.5700987836              0.00000           0.00000           0.00000
   10.7030581563              0.00000           0.00000           0.00000
   10.8376899520              0.00000           0.00000           0.00000
   10.9740152072              0.00000           0.00000           0.00000
   11.1120552230              0.00000           0.00000           0.00000
   11.2518315685              0.00000           0.00000           0.00000
   11.3933660840              0.00000           0.00000           0.00000
   11.5366808846              0.00000           0.00000           0.00000
   11.6817983634              0.00000           0.00000           0.00000
   11.8287411953              0.00000           0.00000           0.00000
   11.9775323406              0.00000           0.00000           0.00000
   12.1281950481              0.00000           0.00000           0.00000
   12.2807528591              0.00000           0.00000           0.00000
   12.4352296112              0.00000           0.00000           0.00000
   12.5916494416              0.00000           0.00000           0.00000
   12.7500367913              0.00000           0.00000           0.00000
   12.9104164086              0.00000           0.00000           0.00000
   13.0728133531              0.00000           0.00000           0.00000
   13.2372529997              0.00000           0.00000           0.00000
   13.4037610425              0.00000           0.00000           0.00000
   13.5723634986              0.00000           0.00000           0.00000
   13.7430867125              0.00000           0.00000           0.00000
   13.9159573601              0.00000           0.00000           0.00000
   14.0910024527              0.00000           0.00000           0.00000
   14.2682493416              0.00000           0.00000           0.00000
   14.4477257219              0.00000           0.00000           0.00000
   14.6294596371              0.00000           0.00000           0.00000
   14.8134794836              0.00000           0.00000           0.00000
   14.9998140148              0.00000           0.00000           0.00000
   15.1884923458              0.00000           0.00000           0.00000
   15.3795439581              0.00000           0.00000           0.00000
   15.5729987039              0.00000           0.00000           0.00000
   15.7688868108              0.00000           0.00000           0.00000
   15.9672388867              0.00000           0.00000           0.00000
   16.1680859247              0.00000           0.00000           0.00000
   16.3714593073              0.00000           0.00000           0.00000
   16.5773908122              0.00000           0.00000           0.00000
   16.7859126166              0.00000           0.00000           0.00000
   16.9970573024              0.00000           0.00000           0.00000
   17.2108578613              0.00000           0.00000           0.00000
   17.4273477003              0.00000           0.00000           0.00000
   17.6465606462              0.00000           0.00000           0.00000
   17.8685309515              0.00000           0.00000           0.00000
   18.0932932995              0.00000           0.00000           0.00000
   18.3208828098              0.00000           0.00000           0.00000
   18.5513350438              0.00000           0.00000           0.00000
   18.7846860100              0.00000           0.00000           0.00000
   19.0209721701              0.00000           0.00000           0.00000
   19.2602304441              0.00000           0.00000           0.00000
   19.5024982168              0.00000           0.00000           0.00000
   19.7478133429              0.00000           0.00000           0.00000
   19.9962141534              0.00000           0.00000           0.00000
   20.2477394615              0.00000           0.00000           0.00000
   20.5024285685              0.00000           0.00000           0.00000
   20.7603212700              0.00000           0.00000           0.00000
   21.0214578625              0.00000           0.00000           0.00000
   21.2858791489              0.00000           0.00000           0.00000
   21.5536264456              0.00000           0.00000           0.00000
   21.8247415887              0.00000           0.00000           0.00000
   22.0992669405              0.00000           0.00000           0.00000
   22.3772453962              0.00000           0.00000           0.00000
   22.6587203904              0.00000           0.00000           0.00000
   22.9437359041              0.00000           0.00000           0.00000
   23.2323364717              0.00000           0.00000           0.00000
   23.5245671876              0.00000           0.00000           0.00000
   23.8204737133              0.00000           0.00000           0.00000
   24.1201022849              0.00000           0.00000           0.00000
   24.4234997200              0.00000           0.00000           0.00000
   24.7307134251              0.00000           0.00000           0.00000
   25.0417914028              0.00000           0.00000           0.00000
   25.3567822598              0.00000           0.00000           0.00000
   25.6757352141              0.00000           0.00000           0.00000
   25.9987001026              0.00000           0.00000           0.00000
   26.3257273893              0.00000           0.00000           0.00000
   26.6568681729              0.00000           0.00000           0.00000
   26.9921741948              0.00000           0.00000           0.00000
   27.3316978472              0.00000           0.00000           0.00000
   27.6754921815              0.00000           0.00000           0.00000
   28.0236109161              0.00000           0.00000           0.00000
   28.3761084454              0.00000           0.00000           0.00000
   28.7330398477              0.00000           0.00000           0.00000
   29.0944608944              0.00000           0.00000           0.00000
   29.4604280583              0.00000           0.00000           0.00000
   29.8309985223              0.00000           0.00000           0.00000
   30.2062301890              0.00000           0.00000           0.00000
   30.5861816890              0.00000           0.00000           0.00000
   30.9709123906              0.00000           0.00000           0.00000
   31.3604824086              0.00000           0.00000           0.00000
   31.7549526142              0.00000           0.00000           0.00000
   32.1543846442              0.00000           0.00000           0.00000
   32.5588409106              0.00000           0.00000           0.00000
   32.9683846106              0.00000           0.00000           0.00000
   33.3830797362              0.00000           0.00000           0.00000
   33.8029910842              0.00000           0.00000           0.00000
   34.2281842669              0.00000           0.00000           0.00000
   34.6587257214              0.00000           0.00000           0.00000
   35.0946827207              0.00000           0.00000           0.00000
   35.5361233840              0.00000           0.00000           0.00000
   35.9831166873              0.00000           0.00000           0.00000
   36.4357324741              0.00000           0.00000           0.00000
   36.8940414668              0.00000           0.00000           0.00000
   37.3581152769              0.00000           0.00000           0.00000
   37.8280264169              0.00000           0.00000           0.00000
   38.3038483114              0.00000           0.00000           0.00000
   38.7856553086              0.00000           0.00000           0.00000
   39.2735226917              0.00000           0.00000           0.00000
   39.7675266911              0.00000           0.00000           0.00000
   40.2677444958              0.00000           0.00000           0.00000
   40.7742542659              0.00000           0.00000           0.00000
   41.2871351447              0.00000           0.00000           0.00000
   41.8064672707              0.00000           0.00000           0.00000
   42.3323317907              0.00000           0.00000           0.00000
   42.8648108721              0.00000           0.00000           0.00000
   43.4039877158              0.00000           0.00000           0.00000
   43.9499465693              0.00000           0.00000           0.00000
   44.5027727398              0.00000           0.00000           0.00000
   45.0625526075              0.00000           0.00000           0.00000
   45.6293736391              0.00000           0.00000           0.00000
   46.2033244017              0.00000           0.00000           0.00000
   46.7844945760              0.00000           0.00000           0.00000
   47.3729749712              0.00000           0.00000           0.00000
   47.9688575386              0.00000           0.00000           0.00000
   48.5722353860              0.00000           0.00000           0.00000
   49.1832027924              0.00000           0.00000           0.00000
   49.8018552227              0.00000           0.00000           0.00000
   50.4282893426              0.00000           0.00000           0.00000
   51.0626030337              0.00000           0.00000           0.00000
   51.7048954089              0.00000           0.00000           0.00000
   52.3552668275              0.00000           0.00000           0.00000
   53.0138189116              0.00000           0.00000           0.00000
   53.6806545611              0.00000           0.00000           0.00000
   54.3558779705              0.00000           0.00000           0.00000
   55.0395946449              0.00000           0.00000           0.00000
   55.7319114163              0.00000           0.00000           0.00000
   56.4329364607              0.00000           0.00000           0.00000
   57.1427793146              0.00000           0.00000           0.00000
   57.8615508925              0.00000           0.00000           0.00000
   58.5893635038              0.00000           0.00000           0.00000
   59.3263308708              0.00000           0.00000           0.00000
   60.0725681461              0.00000           0.00000           0.00000
   60.8281919308              0.00000           0.00000           0.00000
   61.5933202926              0.00000           0.00000           0.00000
   62.3680727845              0.00000           0.00000           0.00000
   63.1525704631              0.00000           0.00000           0.00000
   63.9469359077              0.00000           0.00000           0.00000
   64.7512932395              0.00000           0.00000           0.00000
   65.5657681411              0.00000           0.00000           0.00000
   66.3904878757              0.00000           0.00000           0.00000
   67.2255813076              0.00000           0.00000           0.00000
   68.0711789217              0.00000           0.00000           0.00000
   68.9274128445              0.00000           0.00000           0.00000
   69.7944168641              0.00000           0.00000           0.00000
   70.6723264518              0.00000           0.00000           0.00000
   71.5612787827              0.00000           0.00000           0.00000
   72.4614127574              0.00000           0.00000           0.00000
   73.3728690237              0.00000           0.00000           0.00000
   74.2957899985              0.00000           0.00000           0.00000
   75.2303198900              0.00000           0.00000           0.00000
   76.1766047205              0.00000           0.00000           0.00000
   77.1347923488              0.00000           0.00000           0.00000
   78.1050324938              0.00000           0.00000           0.00000
   79.0874767575              0.00000           0.00000           0.00000
   80.0822786487              0.00000           0.00000           0.00000
   81.0895936073              0.00000           0.00000           0.00000
   82.1095790283              0.00000           0.00000           0.00000
   83.1423942865              0.00000           0.00000           0.00000
   84.1882007614              0.00000           0.00000           0.00000
   85.2471618623              0.00000           0.00000           0.00000
   86.3194430541              0.00000           0.00000           0.00000
   87.4052118830              0.00000           0.00000           0.00000
   88.5046380024              0.00000           0.00000           0.00000
   89.6178932000              0.00000           0.00000           0.00000
   90.7451514241              0.00000           0.00000           0.00000
   91.8865888112              0.00000           0.00000           0.00000
   93.0423837132              0.00000           0.00000           0.00000
   94.2127167253              0.00000           0.00000           0.00000
   95.3977707145              0.00000           0.00000           0.00000
   96.5977308479              0.00000           0.00000           0.00000
   97.8127846216              0.00000           0.00000           0.00000
   99.0431218904              0.00000           0.00000           0.00000
  100.2889348969              0.00000           0.00000           0.00000
  101.5504183019              0.00000           0.00000           0.00000
  102.8277692148              0.00000           0.00000           0.00000
  104.1211872243              0.00000           0.00000           0.00000
  105.4308744295              0.00000           0.00000           0.00000
  106.7570354717              0.00000           0.00000           0.00000
  108.0998775664              0.00000           0.00000           0.00000
  109.4596105353              0.00000           0.00000           0.00000
  110.8364468394              0.00000           0.00000           0.00000
  112.2306016123              0.00000           0.00000           0.00000
  113.6422926934              0.00000           0.00000           0.00000
  115.0717406624              0.00000           0.00000           0.00000
  116.5191688733              0.00000           0.00000           0.00000
  117.9848034899              0.00000           0.00000           0.00000
  119.4688735205              0.00000           0.00000           0.00000
