    E               Ntot
    -27.900284      0.000000
    -27.811961      0.000000
    -27.723639      0.000000
    -27.635316      0.000000
    -27.546994      0.000000
    -27.458671      0.000000
    -27.370349      0.000000
    -27.282026      0.000000
    -27.193704      0.000000
    -27.105381      0.000000
    -27.017059      0.000000
    -26.928736      0.000000
    -26.840414      0.000000
    -26.752091      0.000000
    -26.663769      0.000000
    -26.575446      0.000000
    -26.487123      0.000000
    -26.398801      0.000000
    -26.310478      0.000000
    -26.222156      0.000000
    -26.133833      0.000000
    -26.045511      0.000000
    -25.957188      0.000000
    -25.868866      0.000000
    -25.780543      0.000000
    -25.692221      0.000000
    -25.603898      0.000000
    -25.515576      0.000000
    -25.427253      0.000000
    -25.338931      0.000000
    -25.250608      0.000000
    -25.162286      0.000000
    -25.073963      0.000000
    -24.985641      0.000000
    -24.897318      0.000000
    -24.808996      0.000000
    -24.720673      0.000000
    -24.632351      0.000000
    -24.544028      0.000000
    -24.455706      0.000000
    -24.367383      0.000000
    -24.279061      0.000000
    -24.190738      0.000000
    -24.102416      0.000000
    -24.014093      0.000000
    -23.925771      0.000000
    -23.837448      0.000000
    -23.749126      0.000000
    -23.660803      0.000000
    -23.572481      0.000000
    -23.484158      0.000000
    -23.395836      0.000000
    -23.307513      0.000000
    -23.219191      0.000000
    -23.130868      0.000000
    -23.042546      0.000000
    -22.954223      0.000000
    -22.865901      0.000000
    -22.777578      0.000000
    -22.689256      0.000000
    -22.600933      0.000000
    -22.512611      0.000000
    -22.424288      0.000000
    -22.335966      0.000000
    -22.247643      0.000000
    -22.159321      0.000000
    -22.070998      0.000000
    -21.982676      0.000000
    -21.894353      0.000000
    -21.806031      0.000000
    -21.717708      0.000000
    -21.629386      0.000000
    -21.541063      0.000000
    -21.452741      0.000000
    -21.364418      0.000000
    -21.276096      0.000000
    -21.187773      0.000000
    -21.099451      0.000006
    -21.011128      0.000116
    -20.922806      0.001611
    -20.834483      0.015299
    -20.746161      0.100494
    -20.657838      0.464055
    -20.569516      1.546098
    -20.481193      3.852632
    -20.392871      7.460930
    -20.304548     11.535026
    -20.216225     14.424851
    -20.127903     15.034565
    -20.039580     14.551167
    -19.951258     15.682214
    -19.862935     19.695551
    -19.774613     25.009768
    -19.686290     28.316534
    -19.597968     26.903167
    -19.509645     21.031161
    -19.421323     14.289127
    -19.333000     11.172295
    -19.244678     13.554349
    -19.156355     19.141662
    -19.068033     24.853415
    -18.979710     30.958374
    -18.891388     38.579138
    -18.803065     45.404271
    -18.714743     48.271803
    -18.626420     47.554177
    -18.538098     45.547302
    -18.449775     43.063646
    -18.361453     40.463103
    -18.273130     38.969886
    -18.184808     39.392187
    -18.096485     42.707934
    -18.008163     50.595499
    -17.919840     61.585944
    -17.831518     68.897648
    -17.743195     66.952845
    -17.654873     58.800491
    -17.566550     52.279379
    -17.478228     49.931474
    -17.389905     47.781418
    -17.301583     43.597984
    -17.213260     39.955913
    -17.124938     37.694175
    -17.036615     32.972373
    -16.948293     23.575713
    -16.859970     12.964061
    -16.771648      6.064774
    -16.683325      5.191180
    -16.595003     10.581440
    -16.506680     20.460250
    -16.418358     30.082282
    -16.330035     35.026502
    -16.241713     35.318112
    -16.153390     32.855437
    -16.065068     27.786460
    -15.976745     21.462023
    -15.888423     18.944859
    -15.800100     24.416941
    -15.711778     36.341214
    -15.623455     48.755940
    -15.535133     55.919222
    -15.446810     55.661292
    -15.358488     49.595928
    -15.270165     41.897114
    -15.181843     37.500071
    -15.093520     37.837658
    -15.005198     38.803502
    -14.916875     36.033117
    -14.828553     30.041790
    -14.740230     24.468033
    -14.651908     21.615975
    -14.563585     20.916591
    -14.475263     20.727148
    -14.386940     20.454808
    -14.298618     20.233637
    -14.210295     18.911792
    -14.121972     14.795297
    -14.033650      8.772791
    -13.945327      3.734757
    -13.857005      1.112108
    -13.768682      0.228632
    -13.680360      0.032224
    -13.592037      0.003101
    -13.503715      0.000203
    -13.415392      0.000009
    -13.327070      0.000000
    -13.238747      0.000000
    -13.150425      0.000000
    -13.062102      0.000000
    -12.973780      0.000000
    -12.885457      0.000000
    -12.797135      0.000000
    -12.708812      0.000000
    -12.620490      0.000000
    -12.532167      0.000000
    -12.443845      0.000000
    -12.355522      0.000000
    -12.267200      0.000000
    -12.178877      0.000000
    -12.090555      0.000000
    -12.002232      0.000000
    -11.913910      0.000000
    -11.825587      0.000000
    -11.737265      0.000000
    -11.648942      0.000000
    -11.560620      0.000000
    -11.472297      0.000000
    -11.383975      0.000000
    -11.295652      0.000000
    -11.207330      0.000000
    -11.119007      0.000000
    -11.030685      0.000000
    -10.942362      0.000000
    -10.854040      0.000000
    -10.765717      0.000000
    -10.677395      0.000000
    -10.589072      0.000000
    -10.500750      0.000000
    -10.412427      0.000000
    -10.324105      0.000006
    -10.235782      0.000128
    -10.147460      0.001966
    -10.059137      0.020995
     -9.970815      0.157121
     -9.882492      0.835494
     -9.794170      3.214653
     -9.705847      9.159136
     -9.617525     19.898498
     -9.529202     34.225957
     -9.440880     48.893523
     -9.352557     61.273023
     -9.264235     70.632308
     -9.175912     76.843996
     -9.087590     79.583606
     -8.999267     78.679752
     -8.910945     73.922285
     -8.822622     65.401708
     -8.734300     54.673119
     -8.645977     45.172654
     -8.557655     40.409802
     -8.469332     40.623031
     -8.381010     43.349096
     -8.292687     47.316090
     -8.204365     52.348105
     -8.116042     56.893491
     -8.027720     59.189533
     -7.939397     59.648249
     -7.851074     59.979908
     -7.762752     60.902546
     -7.674429     62.151363
     -7.586107     63.783478
     -7.497784     65.595290
     -7.409462     66.303377
     -7.321139     64.395138
     -7.232817     58.602788
     -7.144494     49.176155
     -7.056172     40.138250
     -6.967849     37.103632
     -6.879527     41.931545
     -6.791204     52.131177
     -6.702882     64.355749
     -6.614559     76.109025
     -6.526237     85.413265
     -6.437914     89.954499
     -6.349592     87.645974
     -6.261269     79.421798
     -6.172947     69.557316
     -6.084624     62.130475
     -5.996302     58.221727
     -5.907979     55.953847
     -5.819657     53.227501
     -5.731334     51.197782
     -5.643012     53.785859
     -5.554689     62.448183
     -5.466367     72.621196
     -5.378044     77.426153
     -5.289722     74.289549
     -5.201399     66.651077
     -5.113077     61.286224
     -5.024754     64.317022
     -4.936432     76.517371
     -4.848109     92.118203
     -4.759787    104.895264
     -4.671464    114.628618
     -4.583142    124.885081
     -4.494819    136.841218
     -4.406497    147.668394
     -4.318174    152.750261
     -4.229852    148.009028
     -4.141529    132.000845
     -4.053207    109.213188
     -3.964884     89.803216
     -3.876562     81.794754
     -3.788239     85.300100
     -3.699917     95.916052
     -3.611594    110.307148
     -3.523272    127.284688
     -3.434949    145.303717
     -3.346627    160.373985
     -3.258304    167.806901
     -3.169982    166.873069
     -3.081659    161.817197
     -2.993337    157.376263
     -2.905014    154.755668
     -2.816692    151.321846
     -2.728369    144.280845
     -2.640047    135.127279
     -2.551724    128.130828
     -2.463402    124.860955
     -2.375079    124.359958
     -2.286757    128.298319
     -2.198434    139.920881
     -2.110112    156.971491
     -2.021789    172.111176
     -1.933467    180.494572
     -1.845144    181.517928
     -1.756822    175.146017
     -1.668499    162.094924
     -1.580176    147.166034
     -1.491854    137.253973
     -1.403531    135.267064
     -1.315209    138.830945
     -1.226886    143.409481
     -1.138564    145.176001
     -1.050241    142.611030
     -0.961919    135.782961
     -0.873596    125.523695
     -0.785274    115.130635
     -0.696951    108.672393
     -0.608629    104.335574
     -0.520306     94.368169
     -0.431984     75.357492
     -0.343661     54.857752
     -0.255339     43.952959
     -0.167016     44.950796
     -0.078694     49.384355
      0.009629     47.066661
      0.097951     35.894775
      0.186274     22.509915
      0.274596     13.316191
      0.362919      8.534854
      0.451241      5.507992
      0.539564      3.002178
      0.627886      1.239628
      0.716209      0.368844
      0.804531      0.077182
      0.892854      0.012169
      0.981176      0.013244
      1.069499      0.102482
      1.157821      0.603117
      1.246144      2.494304
      1.334466      7.302872
      1.422789     15.329123
      1.511111     23.645117
      1.599434     28.250607
      1.687756     28.926479
      1.776079     29.015534
      1.864401     30.597831
      1.952724     32.798589
      2.041046     34.523941
      2.129369     36.589549
      2.217691     39.988477
      2.306014     43.407453
      2.394336     44.416693
      2.482659     42.961649
      2.570981     42.517366
      2.659304     46.727669
      2.747626     55.135483
      2.835949     63.963410
      2.924271     70.481495
      3.012594     74.395146
      3.100916     76.033665
      3.189239     75.445236
      3.277561     73.071820
      3.365884     70.711050
      3.454206     71.386377
      3.542529     76.623410
      3.630851     84.196335
      3.719174     90.736035
      3.807496     95.046961
      3.895819     97.862545
      3.984141    101.308873
      4.072464    107.433261
      4.160786    114.306486
      4.249109    116.687251
      4.337431    113.015577
      4.425754    108.705242
      4.514076    109.210252
      4.602399    112.555844
      4.690722    113.289073
      4.779044    108.874799
      4.867367     98.481357
      4.955689     83.677141
      5.044012     71.553612
      5.132334     68.686723
      5.220657     73.895108
      5.308979     81.940090
      5.397302     89.300947
      5.485624     94.006104
      5.573947     95.066953
      5.662269     94.455931
      5.750592     96.777743
      5.838914    104.927581
      5.927237    117.667725
      6.015559    131.242272
      6.103882    141.835477
      6.192204    147.569606
      6.280527    148.512544
      6.368849    145.106771
      6.457172    138.002947
      6.545494    128.515480
      6.633817    118.020323
      6.722139    107.664162
      6.810462     99.708274
      6.898784     97.774624
      6.987107    103.330902
      7.075429    113.287905
      7.163752    123.229307
      7.252074    131.334465
      7.340397    138.091406
      7.428719    144.531599
      7.517042    150.951317
      7.605364    156.070542
      7.693687    158.041126
      7.782009    155.573672
      7.870332    148.697738
      7.958654    140.080766
      8.046977    133.449316
      8.135299    130.137745
      8.223622    129.806601
      8.311944    132.121542
      8.400267    134.436254
      8.488589    132.702002
      8.576912    127.029336
      8.665234    121.582971
      8.753557    119.148846
      8.841879    118.711646
      8.930202    117.790550
      9.018524    116.057259
      9.106847    115.077661
      9.195169    115.312391
      9.283492    116.477296
      9.371814    119.179095
      9.460137    123.104270
      9.548459    125.950604
      9.636782    126.528262
      9.725104    126.835515
      9.813427    128.955244
      9.901749    131.283921
      9.990072    130.183754
     10.078394    125.188521
     10.166717    120.389680
     10.255039    119.281290
     10.343362    120.447827
     10.431684    120.661643
     10.520007    119.339819
     10.608329    117.595504
     10.696652    116.114093
     10.784974    115.381159
     10.873297    115.482775
     10.961620    115.693401
     11.049942    115.295234
     11.138265    114.581587
     11.226587    114.892977
     11.314910    116.446061
     11.403232    117.084846
     11.491555    116.449082
     11.579877    117.792586
     11.668200    122.115302
     11.756522    126.484000
     11.844845    128.359319
     11.933167    126.711884
     12.021490    122.409965
     12.109812    118.519126
     12.198135    117.102045
     12.286457    117.745620
     12.374780    119.781929
     12.463102    122.918073
     12.551425    125.943477
     12.639747    127.053671
     12.728070    125.356353
     12.816392    121.298770
     12.904715    116.341713
     12.993037    111.882128
     13.081360    108.117946
     13.169682    105.082859
     13.258005    103.644253
     13.346327    104.505468
     13.434650    107.386798
     13.522972    110.619414
     13.611295    111.737617
     13.699617    109.890052
     13.787940    107.012015
     13.876262    105.700360
     13.964585    106.120834
     14.052907    106.704833
     14.141230    107.508969
     14.229552    109.570185
     14.317875    112.173374
     14.406197    113.836940
     14.494520    114.816140
     14.582842    117.506796
     14.671165    124.060741
     14.759487    132.438396
     14.847810    136.685412
     14.936132    133.163827
     15.024455    124.423331
     15.112777    116.063896
     15.201100    111.650993
     15.289422    111.145978
     15.377745    112.679888
     15.466067    114.572707
     15.554390    115.982899
     15.642712    116.141038
     15.731035    114.217081
     15.819357    110.874910
     15.907680    107.509456
     15.996002    103.998915
     16.084325    100.770483
     16.172647    101.028579
     16.260970    107.275069
     16.349292    117.911531
     16.437615    128.654871
     16.525937    135.230036
     16.614260    135.202857
     16.702582    129.608904
     16.790905    122.548717
     16.879227    117.734679
     16.967550    116.208045
     17.055872    117.453258
     17.144195    120.236120
     17.232518    122.127172
     17.320840    121.108920
     17.409163    118.243473
     17.497485    116.581943
     17.585808    117.402329
     17.674130    119.227493
     17.762453    120.004560
     17.850775    118.902000
     17.939098    116.619168
     18.027420    114.199569
     18.115743    111.409866
     18.204065    107.877167
     18.292388    104.923654
     18.380710    103.499590
     18.469033    102.221391
     18.557355     99.769078
     18.645678     97.430447
     18.734000     97.873104
     18.822323    101.644411
     18.910645    106.022636
     18.998968    108.317770
     19.087290    108.638034
     19.175613    108.224553
     19.263935    107.206314
     19.352258    104.946268
     19.440580    101.075354
     19.528903     95.715868
     19.617225     89.860076
     19.705548     85.529384
     19.793870     84.455443
     19.882193     86.874937
     19.970515     91.358566
     20.058838     95.242583
     20.147160     96.003651
     20.235483     93.332313
     20.323805     90.808698
     20.412128     93.110127
     20.500450     99.592531
     20.588773    104.435371
     20.677095    103.899921
     20.765418     99.745493
     20.853740     95.824285
     20.942063     93.994109
     21.030385     94.153603
     21.118708     96.052666
     21.207030     98.751380
     21.295353    100.323888
     21.383675     99.475774
     21.471998     96.241530
     21.560320     91.942115
     21.648643     88.562184
     21.736965     87.241972
     21.825288     88.115715
     21.913610     90.655577
     22.001933     93.307485
     22.090255     94.401091
     22.178578     93.612616
     22.266900     92.071173
     22.355223     91.442298
     22.443545     92.398657
     22.531868     93.236159
     22.620190     91.518654
     22.708513     88.151226
     22.796835     86.758272
     22.885158     88.345538
     22.973480     89.982087
     23.061803     89.094831
     23.150125     86.678501
     23.238448     85.529427
     23.326770     86.760210
     23.415093     89.222751
     23.503416     91.360906
     23.591738     91.969688
     23.680061     90.187629
     23.768383     86.660384
     23.856706     83.904099
     23.945028     83.862087
     24.033351     85.765363
     24.121673     87.627306
     24.209996     88.492584
     24.298318     88.462141
     24.386641     88.080399
     24.474963     87.450691
     24.563286     85.042466
     24.651608     79.819148
     24.739931     74.627707
     24.828253     73.467019
     24.916576     76.330746
     25.004898     79.940805
     25.093221     81.743554
     25.181543     81.477213
     25.269866     80.104422
     25.358188     78.377495
     25.446511     76.718282
     25.534833     75.503730
     25.623156     74.873806
     25.711478     74.921292
     25.799801     75.411477
     25.888123     75.532781
     25.976446     75.223794
     26.064768     75.634741
     26.153091     77.324543
     26.241413     78.874314
     26.329736     78.121375
     26.418058     74.905389
     26.506381     71.553076
     26.594703     69.508493
     26.683026     67.159329
     26.771348     63.373731
     26.859671     61.073569
     26.947993     63.930388
     27.036316     70.847831
     27.124638     76.522811
     27.212961     77.647685
     27.301283     76.266133
     27.389606     75.646825
     27.477928     75.983967
     27.566251     76.073893
     27.654573     75.690854
     27.742896     74.769595
     27.831218     72.894021
     27.919541     70.341319
     28.007863     68.035498
     28.096186     66.452963
     28.184508     65.796423
     28.272831     66.675742
     28.361153     69.348618
     28.449476     72.409187
     28.537798     73.032063
     28.626121     69.409692
     28.714443     63.286075
     28.802766     58.686233
     28.891088     57.230357
     28.979411     57.072175
     29.067733     57.100043
     29.156056     58.418077
     29.244378     61.515627
     29.332701     64.995169
     29.421023     67.039431
     29.509346     67.564870
     29.597668     68.063504
     29.685991     69.096399
     29.774314     70.062888
     29.862636     70.846840
     29.950959     71.648841
     30.039281     71.693036
     30.127604     69.605295
     30.215926     65.727038
     30.304249     62.134337
     30.392571     60.042660
     30.480894     59.696977
     30.569216     61.214416
     30.657539     63.863535
     30.745861     67.015340
     30.834184     70.922229
     30.922506     74.121725
     31.010829     73.565397
     31.099151     69.547797
     31.187474     66.196208
     31.275796     66.016532
     31.364119     68.288607
     31.452441     71.808403
     31.540764     74.740529
     31.629086     74.094041
     31.717409     68.604286
     31.805731     60.724118
     31.894054     54.398908
     31.982376     50.955432
     32.070699     48.726922
     32.159021     46.817114
     32.247344     45.989973
     32.335666     46.246102
     32.423989     46.891623
     32.512311     47.984160
     32.600634     49.778089
     32.688956     51.920554
     32.777279     53.745701
     32.865601     54.233336
     32.953924     52.515636
     33.042246     49.729984
     33.130569     48.148931
     33.218891     48.047102
     33.307214     48.435082
     33.395536     49.794260
     33.483859     53.198039
     33.572181     57.504235
     33.660504     60.077501
     33.748826     60.617183
     33.837149     60.955933
     33.925471     61.043095
     34.013794     58.988709
     34.102116     54.501772
     34.190439     49.480768
     34.278761     45.873736
     34.367084     43.896709
     34.455406     42.507134
     34.543729     42.047116
     34.632051     44.256502
     34.720374     48.118429
     34.808696     50.153008
     34.897019     50.028857
     34.985341     50.137547
     35.073664     51.160944
     35.161986     52.780854
     35.250309     54.745015
     35.338631     55.501363
     35.426954     53.991214
     35.515276     51.805941
     35.603599     51.146597
     35.691921     52.386976
     35.780244     54.376652
     35.868566     55.959612
     35.956889     56.310659
     36.045212     54.290499
     36.133534     49.470803
     36.221857     44.279147
     36.310179     42.759067
     36.398502     46.022851
     36.486824     50.299515
     36.575147     51.141552
     36.663469     49.216688
     36.751792     48.907531
     36.840114     51.596593
     36.928437     54.832644
     37.016759     56.928661
     37.105082     58.106219
     37.193404     58.056675
     37.281727     54.887343
     37.370049     47.648376
     37.458372     38.588137
     37.546694     31.220975
     37.635017     27.932363
     37.723339     29.628600
     37.811662     35.356929
     37.899984     42.353928
     37.988307     47.680666
     38.076629     50.095005
     38.164952     51.248607
     38.253274     54.416537
     38.341597     60.346026
     38.429919     66.217474
     38.518242     69.591108
     38.606564     70.818345
     38.694887     71.419000
     38.783209     72.261287
     38.871532     73.390057
     38.959854     74.283156
     39.048177     74.653240
     39.136499     74.989812
     39.224822     75.366971
     39.313144     74.880731
     39.401467     72.965841
     39.489789     70.469346
     39.578112     69.021025
     39.666434     68.968998
     39.754757     68.669259
     39.843079     66.563520
     39.931402     62.838905
     40.019724     58.591774
     40.108047     54.652569
     40.196369     51.555521
     40.284692     49.629384
     40.373014     48.835510
     40.461337     48.679978
     40.549659     48.517143
     40.637982     48.209008
     40.726304     47.921739
     40.814627     47.416657
     40.902949     46.271851
     40.991272     44.401938
     41.079594     42.183016
     41.167917     40.152338
     41.256239     38.455820
     41.344562     37.249530
     41.432884     37.352303
     41.521207     39.460092
     41.609529     43.428409
     41.697852     48.408318
     41.786174     52.969773
     41.874497     56.253776
     41.962819     59.304762
     42.051142     63.872000
     42.139464     69.494255
     42.227787     72.711366
     42.316110     70.311579
     42.404432     63.272446
     42.492755     56.718018
     42.581077     55.487654
     42.669400     59.210755
     42.757722     62.771735
     42.846045     62.775593
     42.934367     61.037579
     43.022690     60.466936
     43.111012     61.189757
     43.199335     61.848430
     43.287657     61.177864
     43.375980     58.206666
     43.464302     53.603005
     43.552625     49.588174
     43.640947     47.518660
     43.729270     47.049545
     43.817592     47.088170
     43.905915     46.621884
     43.994237     45.420460
     44.082560     44.249520
     44.170882     44.249788
     44.259205     46.193648
     44.347527     49.359081
     44.435850     51.309739
     44.524172     51.104466
     44.612495     51.501451
     44.700817     55.108701
     44.789140     60.569203
     44.877462     64.633874
     44.965785     65.730800
     45.054107     64.547255
     45.142430     62.597320
     45.230752     60.919468
     45.319075     59.721218
     45.407397     58.633384
     45.495720     57.385162
     45.584042     56.719969
     45.672365     58.165531
     45.760687     61.681781
     45.849010     64.389130
     45.937332     63.617956
     46.025655     59.984211
     46.113977     56.215547
     46.202300     54.665179
     46.290622     56.087854
     46.378945     59.563011
     46.467267     63.165462
     46.555590     64.603079
     46.643912     62.700315
     46.732235     58.515420
     46.820557     53.580569
     46.908880     48.529422
     46.997202     44.075225
     47.085525     41.399857
     47.173847     41.600315
     47.262170     44.876101
     47.350492     49.656687
     47.438815     53.601047
     47.527137     55.854855
     47.615460     56.202659
     47.703782     53.214016
     47.792105     47.285278
     47.880427     42.418036
     47.968750     41.224207
     48.057072     42.294068
     48.145395     43.367430
     48.233717     43.149300
     48.322040     41.168760
     48.410362     38.761445
     48.498685     38.545999
     48.587008     41.239911
     48.675330     44.881464
     48.763653     47.568143
     48.851975     48.931578
     48.940298     49.373990
     49.028620     49.700390
     49.116943     50.507851
     49.205265     50.912926
     49.293588     49.503102
     49.381910     46.638954
     49.470233     43.994717
     49.558555     42.049238
     49.646878     39.914586
     49.735200     37.525972
     49.823523     35.987603
     49.911845     35.999793
     50.000168     37.687203
     50.088490     40.916441
     50.176813     44.586010
     50.265135     46.823847
     50.353458     46.386594
     50.441780     44.157188
     50.530103     42.766931
     50.618425     43.240440
     50.706748     43.723017
     50.795070     42.613287
     50.883393     40.796363
     50.971715     40.439119
     51.060038     42.630897
     51.148360     46.196435
     51.236683     48.830594
     51.325005     49.188054
     51.413328     47.615160
     51.501650     45.819511
     51.589973     45.839364
     51.678295     47.682395
     51.766618     48.671754
     51.854940     47.552307
     51.943263     47.343920
     52.031585     50.324239
     52.119908     53.290016
     52.208230     52.286311
     52.296553     48.341685
     52.384875     45.267770
     52.473198     45.454301
     52.561520     49.272441
     52.649843     55.417246
     52.738165     61.334116
     52.826488     64.967576
     52.914810     65.812053
     53.003133     64.095672
     53.091455     60.072743
     53.179778     54.389315
     53.268100     48.136055
     53.356423     42.694812
     53.444745     40.233228
     53.533068     42.393234
     53.621390     47.462444
     53.709713     51.246177
     53.798035     51.270930
     53.886358     48.769991
     53.974680     47.011454
     54.063003     47.796443
     54.151325     49.729930
     54.239648     50.927197
     54.327970     51.266431
     54.416293     51.147385
     54.504615     51.088735
     54.592938     51.692892
     54.681260     51.833424
     54.769583     49.325389
     54.857906     44.714233
     54.946228     41.504074
     55.034551     41.882762
     55.122873     44.694568
     55.211196     47.473779
     55.299518     49.137348
     55.387841     50.559177
     55.476163     52.310128
     55.564486     53.223993
     55.652808     51.944250
     55.741131     48.865198
     55.829453     45.969460
     55.917776     44.914942
     56.006098     46.215169
     56.094421     49.236592
     56.182743     51.990126
     56.271066     53.208316
     56.359388     53.994583
     56.447711     55.459886
     56.536033     57.069905
     56.624356     57.747914
     56.712678     56.635545
     56.801001     53.570626
     56.889323     49.971734
     56.977646     48.000342
     57.065968     48.241444
     57.154291     49.406773
     57.242613     49.752020
     57.330936     48.612173
     57.419258     47.459314
     57.507581     47.630527
     57.595903     47.821206
     57.684226     46.945659
     57.772548     46.813972
     57.860871     49.130039
     57.949193     52.622083
     58.037516     54.802716
     58.125838     54.430717
     58.214161     51.881470
     58.302483     48.941754
     58.390806     47.290805
     58.479128     46.373586
     58.567451     44.606597
     58.655773     42.005628
     58.744096     40.054228
     58.832418     40.272838
     58.920741     43.587731
     59.009063     49.110261
     59.097386     53.609246
     59.185708     54.873133
     59.274031     54.044207
     59.362353     52.359167
     59.450676     49.213860
     59.538998     45.144630
     59.627321     42.901160
     59.715643     44.529628
     59.803966     48.452046
     59.892288     50.191387
     59.980611     47.545125
     60.068933     42.917670
     60.157256     39.484432
     60.245578     37.874296
     60.333901     36.781778
     60.422223     35.997627
     60.510546     37.630968
     60.598868     42.587404
     60.687191     47.847486
     60.775513     50.473880
     60.863836     51.996346
     60.952158     55.065059
     61.040481     58.138673
     61.128804     57.251671
     61.217126     52.079876
     61.305449     46.547024
     61.393771     43.289611
     61.482094     41.471323
     61.570416     40.171292
     61.658739     40.085142
     61.747061     41.582578
     61.835384     44.142437
     61.923706     47.290827
     62.012029     49.667680
     62.100351     49.731585
     62.188674     48.218415
     62.276996     46.587042
     62.365319     45.010335
     62.453641     43.319880
     62.541964     41.588695
     62.630286     40.619468
     62.718609     41.647139
     62.806931     44.084337
     62.895254     45.702510
     62.983576     45.186021
     63.071899     42.588736
     63.160221     39.316593
     63.248544     37.924922
     63.336866     39.464976
     63.425189     42.352897
     63.513511     44.350382
     63.601834     43.938858
     63.690156     41.305519
     63.778479     38.948610
     63.866801     39.310786
     63.955124     41.937717
     64.043446     44.173446
     64.131769     44.420546
     64.220091     43.852658
     64.308414     44.429047
     64.396736     46.124823
     64.485059     47.084268
     64.573381     46.314811
     64.661704     44.795187
     64.750026     43.188264
     64.838349     40.998958
     64.926671     39.234286
     65.014994     39.883336
     65.103316     41.972082
     65.191639     43.058780
     65.279961     43.261981
     65.368284     43.550219
     65.456606     43.447044
     65.544929     42.988524
     65.633251     43.791171
     65.721574     46.623304
     65.809896     49.588082
     65.898219     50.329170
     65.986541     49.190006
     66.074864     48.227125
     66.163186     48.076589
     66.251509     47.787516
     66.339831     46.679937
     66.428154     44.655926
     66.516476     41.619307
     66.604799     37.857964
     66.693121     34.252256
     66.781444     31.559254
     66.869766     30.412337
     66.958089     31.809706
     67.046411     35.724371
     67.134734     39.721535
     67.223056     41.275079
     67.311379     40.248656
     67.399702     37.487316
     67.488024     33.780161
     67.576347     31.041626
     67.664669     31.184737
     67.752992     33.567300
     67.841314     35.779812
     67.929637     36.146462
     68.017959     34.547820
     68.106282     32.406783
     68.194604     31.584678
     68.282927     32.335952
     68.371249     33.591673
     68.459572     34.596074
     68.547894     34.870740
     68.636217     33.844029
     68.724539     31.551636
     68.812862     29.400535
     68.901184     29.526316
     68.989507     32.698808
     69.077829     37.090165
     69.166152     39.779010
     69.254474     39.521924
     69.342797     37.508461
     69.431119     35.272432
     69.519442     33.245671
     69.607764     32.119359
     69.696087     33.011227
     69.784409     35.579720
     69.872732     38.681767
     69.961054     41.522092
     70.049377     42.536440
     70.137699     40.227697
     70.226022     35.712941
     70.314344     32.196330
     70.402667     31.690553
     70.490989     33.287653
     70.579312     34.642622
     70.667634     33.617498
     70.755957     29.041097
     70.844279     22.542683
     70.932602     18.318875
     71.020924     19.096225
     71.109247     23.905115
     71.197569     29.345155
     71.285892     31.969550
     71.374214     30.805840
     71.462537     27.985585
     71.550859     26.617622
     71.639182     27.993458
     71.727504     30.914309
     71.815827     33.216621
     71.904149     33.305725
     71.992472     31.297293
     72.080794     28.992496
     72.169117     27.771828
     72.257439     27.268274
     72.345762     26.695427
     72.434084     26.079162
     72.522407     26.013631
     72.610729     26.869921
     72.699052     28.007985
     72.787374     28.514263
     72.875697     28.739667
     72.964019     29.456825
     73.052342     30.096182
     73.140664     29.956754
     73.228987     29.924112
     73.317309     30.684434
     73.405632     31.147147
     73.493954     30.537764
     73.582277     29.990127
     73.670600     30.978300
     73.758922     33.325876
     73.847245     35.133422
     73.935567     34.794370
     74.023890     32.747697
     74.112212     30.367242
     74.200535     28.177890
     74.288857     26.485173
     74.377180     26.116263
     74.465502     26.740923
     74.553825     26.202399
     74.642147     23.405862
     74.730470     20.265922
     74.818792     19.107619
     74.907115     19.711504
     74.995437     20.396807
     75.083760     20.623439
     75.172082     21.337850
     75.260405     22.996007
     75.348727     24.545058
     75.437050     25.024648
     75.525372     24.741010
     75.613695     24.423783
     75.702017     24.126047
     75.790340     23.417121
     75.878662     22.022746
     75.966985     19.518047
     76.055307     15.851919
     76.143630     12.435866
     76.231952     10.888121
     76.320275     11.746337
     76.408597     14.886064
     76.496920     19.223095
     76.585242     22.773930
     76.673565     24.495707
     76.761887     24.881930
     76.850210     24.318383
     76.938532     22.586406
     77.026855     20.133139
     77.115177     17.620235
     77.203500     14.716295
     77.291822     11.779393
     77.380145     10.847025
     77.468467     12.657689
     77.556790     15.428450
     77.645112     18.074176
     77.733435     21.296548
     77.821757     24.469950
     77.910080     25.132103
     77.998402     22.610752
     78.086725     19.045584
     78.175047     16.667109
     78.263370     16.066144
     78.351692     16.235787
     78.440015     15.627976
     78.528337     13.723761
     78.616660     11.240735
     78.704982      8.982012
     78.793305      7.506306
     78.881627      7.040319
     78.969950      6.847106
     79.058272      6.341398
     79.146595      6.311115
     79.234917      7.408078
     79.323240      9.384752
     79.411562     12.311709
     79.499885     15.597597
     79.588207     16.777739
     79.676530     14.493372
     79.764852     10.802881
     79.853175      8.318877
     79.941498      7.423041
     80.029820      7.342607
     80.118143      7.385991
     80.206465      6.870379
     80.294788      6.152711
     80.383110      6.967459
     80.471433      9.620643
     80.559755     11.313668
     80.648078      9.544192
     80.736400      5.545738
     80.824723      2.203497
     80.913045      0.616956
     81.001368      0.249819
     81.089690      0.642776
     81.178013      1.915977
     81.266335      3.950088
     81.354658      5.544943
     81.442980      5.434118
     81.531303      4.254129
     81.619625      3.939313
     81.707948      4.983375
     81.796270      5.735216
     81.884593      4.838364
     81.972915      3.194128
     82.061238      2.712499
     82.149560      4.054746
     82.237883      6.112632
     82.326205      7.442235
     82.414528      7.763932
     82.502850      7.277963
     82.591173      5.881412
     82.679495      4.419696
     82.767818      4.760620
     82.856140      7.445291
     82.944463     10.295662
     83.032785     10.387166
     83.121108      7.395645
     83.209430      3.706887
     83.297753      1.431862
     83.386075      1.108756
     83.474398      3.004379
     83.562720      7.600592
     83.651043     13.799962
     83.739365     18.161546
     83.827688     17.986936
     83.916010     13.991122
     84.004333      8.732637
     84.092655      4.289934
     84.180978      1.585635
     84.269300      0.422500
     84.357623      0.078871
     84.445945      0.010151
     84.534268      0.000919
     84.622590      0.000540
     84.710913      0.006084
     84.799235      0.052103
     84.887558      0.307525
     84.975880      1.257993
     85.064203      3.593202
     85.152525      7.238633
     85.240848     10.488333
     85.329170     11.582979
     85.417493     11.486081
     85.505815     12.787131
     85.594138     15.395294
     85.682460     16.354041
     85.770783     14.373400
     85.859105     11.271448
     85.947428      8.640751
     86.035750      6.354658
     86.124073      4.647209
     86.212396      4.554827
     86.300718      5.910283
     86.389041      7.235881
     86.477363      7.794256
     86.565686      7.949939
     86.654008      8.279795
     86.742331     10.022526
     86.830653     13.952118
     86.918976     17.717825
     87.007298     18.235496
     87.095621     16.506010
     87.183943     15.638586
     87.272266     16.065997
     87.360588     16.211931
     87.448911     14.871833
     87.537233     11.594052
     87.625556      7.354056
     87.713878      4.420252
     87.802201      4.138347
     87.890523      5.550999
     87.978846      6.724535
     88.067168      7.035821
     88.155491      7.021064
     88.243813      6.515541
     88.332136      5.263814
     88.420458      4.400253
     88.508781      4.923156
     88.597103      5.831733
     88.685426      5.687698
     88.773748      5.188339
     88.862071      6.473113
     88.950393     10.399666
     89.038716     15.598094
     89.127038     19.443562
     89.215361     19.784729
     89.303683     16.677855
     89.392006     11.969749
     89.480328      7.556749
     89.568651      5.231815
     89.656973      6.661029
     89.745296     11.487649
     89.833618     15.903852
     89.921941     15.645907
     90.010263     11.137398
     90.098586      7.076602
     90.186908      7.077132
     90.275231     10.732534
     90.363553     14.631570
     90.451876     15.232113
     90.540198     12.177143
     90.628521      8.589009
     90.716843      6.913195
     90.805166      6.184133
     90.893488      4.630714
     90.981811      2.487240
     91.070133      0.917765
     91.158456      0.233643
     91.246778      0.071044
     91.335101      0.200039
     91.423423      0.812299
     91.511746      2.283709
     91.600068      4.350377
     91.688391      5.613016
     91.776713      4.905072
     91.865036      2.903182
     91.953358      1.163813
     92.041681      0.316018
     92.130003      0.058692
     92.218326      0.014928
     92.306648      0.070241
     92.394971      0.433982
     92.483294      1.864070
     92.571616      5.524781
     92.659939     11.305841
     92.748261     15.995081
     92.836584     15.777344
     92.924906     11.508935
     93.013229      8.365817
     93.101551      9.816651
     93.189874     14.042007
     93.278196     16.181426
     93.366519     13.863571
     93.454841      9.933129
     93.543164      8.661679
     93.631486     10.642245
     93.719809     12.928376
     93.808131     13.007113
     93.896454     10.764017
     93.984776      7.335835
     94.073099      4.188287
     94.161421      2.778223
     94.249744      3.685644
     94.338066      6.054171
     94.426389      8.195983
     94.514711      8.888373
     94.603034      7.820703
     94.691356      5.425158
     94.779679      2.958716
     94.868001      1.829980
     94.956324      2.569596
     95.044646      4.430501
     95.132969      5.627098
     95.221291      4.886091
     95.309614      2.935931
     95.397936      1.513094
     95.486259      1.630043
     95.574581      3.254052
     95.662904      5.416980
     95.751226      6.961741
     95.839549      8.329693
     95.927871     11.073014
     96.016194     14.550200
     96.104516     15.573805
     96.192839     12.506953
     96.281161      7.628554
     96.369484      4.675426
     96.457806      5.502159
     96.546129      8.857172
     96.634451     11.233907
     96.722774     10.347578
     96.811096      8.193260
     96.899419      8.589548
     96.987741     12.135523
     97.076064     15.634538
     97.164386     16.359939
     97.252709     14.873303
     97.341031     13.066607
     97.429354     11.507461
     97.517676      9.569268
     97.605999      7.113573
     97.694321      5.338293
     97.782644      5.405793
     97.870966      6.742839
     97.959289      8.176864
     98.047611      9.772187
     98.135934     11.463445
     98.224256     11.829661
     98.312579     10.692039
     98.400901     10.224080
     98.489224     11.311860
     98.577547     11.913614
     98.665869     10.921828
     98.754192     10.342177
     98.842514     11.757095
     98.930837     13.694757
     99.019159     13.780554
     99.107482     11.307637
     99.195804      7.767781
     99.284127      5.681892
     99.372449      6.104554
     99.460772      7.705218
     99.549094      8.683290
     99.637417      8.292887
     99.725739      6.674128
     99.814062      4.780351
     99.902384      3.741218
     99.990707      3.550143
    100.079029      3.541585
    100.167352      3.793239
    100.255674      5.046713
    100.343997      8.192058
    100.432319     13.584593
    100.520642     19.343562
    100.608964     22.375827
    100.697287     22.238054
    100.785609     20.905295
    100.873932     19.797341
    100.962254     19.494586
    101.050577     19.877249
    101.138899     19.986722
    101.227222     19.273184
    101.315544     17.855362
    101.403867     15.888404
    101.492189     14.382057
    101.580512     15.203121
    101.668834     18.680114
    101.757157     22.269831
    101.845479     22.766311
    101.933802     19.659549
    102.022124     15.559009
    102.110447     12.984578
    102.198769     12.013767
    102.287092     11.990887
    102.375414     13.500594
    102.463737     17.081739
    102.552059     21.251976
    102.640382     23.225247
    102.728704     21.833657
    102.817027     18.796964
    102.905349     16.397723
    102.993672     15.056411
    103.081994     13.945887
    103.170317     12.862616
    103.258639     12.656063
    103.346962     14.300411
    103.435284     17.808661
    103.523607     21.702190
    103.611929     23.659691
    103.700252     22.251133
    103.788574     18.099433
    103.876897     13.554673
    103.965219     11.418816
    104.053542     12.703396
    104.141864     15.607931
    104.230187     17.998392
    104.318509     19.568687
    104.406832     20.253219
    104.495154     18.684791
    104.583477     14.275327
    104.671799      9.327856
    104.760122      6.696499
    104.848445      6.253932
    104.936767      5.884946
    105.025090      5.236717
    105.113412      6.253911
    105.201735      9.957564
    105.290057     14.492025
    105.378380     17.390913
    105.466702     18.497742
    105.555025     18.998659
    105.643347     19.017578
    105.731670     18.119661
    105.819992     16.784128
    105.908315     15.303912
    105.996637     12.667016
    106.084960      8.697827
    106.173282      5.665729
    106.261605      6.033245
    106.349927      9.535649
    106.438250     13.107217
    106.526572     14.002466
    106.614895     12.454932
    106.703217     10.388650
    106.791540      8.824716
    106.879862      7.289694
    106.968185      5.320288
    107.056507      4.001367
    107.144830      5.034357
    107.233152      8.408645
    107.321475     11.823389
    107.409797     13.103187
    107.498120     12.576658
    107.586442     11.691368
    107.674765     10.564554
    107.763087      8.570594
    107.851410      6.357340
    107.939732      5.816773
    108.028055      7.729429
    108.116377     10.360343
    108.204700     11.371789
    108.293022     10.517662
    108.381345      9.131981
    108.469667      7.881181
    108.557990      6.911315
    108.646312      6.595933
    108.734635      6.385677
    108.822957      5.104477
    108.911280      2.953385
    108.999602      1.179619
    109.087925      0.323356
    109.176247      0.086366
    109.264570      0.192659
    109.352892      0.868394
    109.441215      2.820940
    109.529537      6.435238
    109.617860     10.517189
    109.706182     12.825880
    109.794505     12.551006
    109.882827     10.914670
    109.971150      9.437338
    110.059472      8.901615
    110.147795      9.110075
    110.236117      9.161893
    110.324440      8.227363
    110.412762      6.069887
    110.501085      3.482327
    110.589407      1.892035
    110.677730      2.315269
    110.766052      4.915123
    110.854375      8.531042
    110.942697     10.707716
    111.031020      9.952146
    111.119343      7.776672
    111.207665      6.817843
    111.295988      7.612934
    111.384310      8.981273
    111.472633     10.259130
    111.560955     11.072560
    111.649278     10.567470
    111.737600      8.850114
    111.825923      7.836986
    111.914245      9.016940
    112.002568     11.222805
    112.090890     12.328149
    112.179213     12.210216
    112.267535     11.967370
    112.355858     11.743335
    112.444180     11.380747
    112.532503     10.832125
    112.620825      9.190591
    112.709148      6.073131
    112.797470      2.878061
    112.885793      0.945443
    112.974115      0.215925
    113.062438      0.063509
    113.150760      0.197452
    113.239083      0.860760
    113.327405      2.733117
    113.415728      6.291216
    113.504050     10.600628
    113.592373     13.218093
    113.680695     12.474904
    113.769018      9.398280
    113.857340      6.200318
    113.945663      4.090476
    114.033985      3.581566
    114.122308      4.983712
    114.210630      7.609392
    114.298953      9.927575
    114.387275     10.989244
    114.475598     11.000630
    114.563920     10.680425
    114.652243     10.511731
    114.740565     10.462089
    114.828888     10.102781
    114.917210      9.008350
    115.005533      7.148696
    115.093855      4.855835
    115.182178      2.666138
    115.270500      1.111775
    115.358823      0.335474
    115.447145      0.071066
    115.535468      0.010391
    115.623790      0.001039
    115.712113      0.000071
    115.800435      0.000003
    115.888758      0.000000
    115.977080      0.000000
    116.065403      0.000000
    116.153725      0.000000
    116.242048      0.000000
    116.330370      0.000000
    116.418693      0.000000
    116.507015      0.000000
    116.595338      0.000005
    116.683660      0.000102
    116.771983      0.001421
    116.860305      0.013402
    116.948628      0.086037
    117.036950      0.378092
    117.125273      1.150876
    117.213595      2.482165
    117.301918      3.947873
    117.390241      4.923894
    117.478563      5.219527
    117.566886      5.139721
    117.655208      5.026369
    117.743531      4.904387
    117.831853      4.530158
    117.920176      3.640563
    118.008498      2.326827
    118.096821      1.164940
    118.185143      0.729352
    118.273466      1.242493
    118.361788      2.569443
    118.450111      4.088692
    118.538433      4.872980
    118.626756      4.391769
    118.715078      2.967501
    118.803401      1.466963
    118.891723      0.516416
    118.980046      0.126787
    119.068368      0.021422
    119.156691      0.002472
    119.245013      0.000194
    119.333336      0.000010
    119.421658      0.000000
    119.509981      0.000000
    119.598303      0.000000
    119.686626      0.000000
    119.774948      0.000000
    119.863271      0.000000
    119.951593      0.000000
    120.039916      0.000000
    120.128238      0.000000
    120.216561      0.000000
    120.304883      0.000000
    120.393206      0.000000
    120.481528      0.000000
    120.569851      0.000000
    120.658173      0.000000
    120.746496      0.000000
    120.834818      0.000000
    120.923141      0.000000
    121.011463      0.000000
    121.099786      0.000000
    121.188108      0.000000
    121.276431      0.000000
    121.364753      0.000000
    121.453076      0.000000
    121.541398      0.000000
    121.629721      0.000000
    121.718043      0.000000
    121.806366      0.000000
    121.894688      0.000000
    121.983011      0.000000
    122.071333      0.000000
    122.159656      0.000000
    122.247978      0.000000
    122.336301      0.000000
    122.424623      0.000000
    122.512946      0.000000
    122.601268      0.000000
    122.689591      0.000000
    122.777913      0.000000
    122.866236      0.000000
    122.954558      0.000000
    123.042881      0.000000
    123.131203      0.000000
    123.219526      0.000013
    123.307848      0.000261
    123.396171      0.003495
    123.484493      0.031715
    123.572816      0.194845
    123.661139      0.810588
    123.749461      2.284924
    123.837784      4.377974
    123.926106      5.788450
    124.014429      5.647033
    124.102751      5.046676
    124.191074      5.368380
    124.279396      5.908067
    124.367719      5.141045
    124.456041      3.391840
    124.544364      2.454638
    124.632686      3.304306
    124.721009      5.011432
    124.809331      5.615969
    124.897654      4.309131
    124.985976      2.271347
    125.074299      0.996458
    125.162621      1.072389
    125.250944      2.632302
    125.339266      5.437079
    125.427589      8.308918
    125.515911      9.616650
    125.604234      8.659605
    125.692556      6.426260
    125.780879      4.946755
    125.869201      5.226687
    125.957524      6.057173
    126.045846      5.988898
    126.134169      5.584173
    126.222491      5.989688
    126.310814      6.715699
    126.399136      6.899464
    126.487459      6.854871
    126.575781      6.602841
    126.664104      5.312142
    126.752426      3.137887
    126.840749      1.287634
    126.929071      0.360474
    127.017394      0.068476
    127.105716      0.008813
    127.194039      0.000773
    127.282361      0.000148
    127.370684      0.001561
    127.459006      0.016076
    127.547329      0.112223
    127.635651      0.530379
    127.723974      1.697073
    127.812296      3.676418
    127.900619      5.392456
    127.988941      5.359491
    128.077264      3.644666
    128.165586      1.897275
    128.253909      1.509193
    128.342231      2.742298
    128.430554      4.702291
    128.518876      5.642590
    128.607199      4.596441
    128.695521      2.535513
    128.783844      0.946947
    128.872166      0.239439
    128.960489      0.040989
    129.048811      0.004751
    129.137134      0.000373
    129.225456      0.000020
    129.313779      0.000001
    129.402101      0.000000
    129.490424      0.000000
    129.578746      0.000000
    129.667069      0.000000
    129.755391      0.000000
    129.843714      0.000000
    129.932037      0.000000
    130.020359      0.000000
    130.108682      0.000000
    130.197004      0.000000
    130.285327      0.000000
    130.373649      0.000000
    130.461972      0.000000
    130.550294      0.000000
    130.638617      0.000000
    130.726939      0.000000
    130.815262      0.000000
    130.903584      0.000000
    130.991907      0.000000
    131.080229      0.000000
    131.168552      0.000000
    131.256874      0.000000
    131.345197      0.000000
    131.433519      0.000000
    131.521842      0.000000
    131.610164      0.000000
    131.698487      0.000000
    131.786809      0.000000
    131.875132      0.000000
    131.963454      0.000000
    132.051777      0.000000
    132.140099      0.000000
    132.228422      0.000000
    132.316744      0.000000
    132.405067      0.000000
    132.493389      0.000000
    132.581712      0.000000
    132.670034      0.000000
    132.758357      0.000000
    132.846679      0.000000
    132.935002      0.000000
    133.023324      0.000000
    133.111647      0.000000
    133.199969      0.000000
    133.288292      0.000000
    133.376614      0.000000
    133.464937      0.000000
    133.553259      0.000000
    133.641582      0.000000
    133.729904      0.000000
    133.818227      0.000000
    133.906549      0.000000
    133.994872      0.000000
    134.083194      0.000000
    134.171517      0.000000
    134.259839      0.000000
    134.348162      0.000000
    134.436484      0.000000
    134.524807      0.000000
    134.613129      0.000000
    134.701452      0.000000
    134.789774      0.000000
    134.878097      0.000000
    134.966419      0.000000
    135.054742      0.000000
    135.143064      0.000000
    135.231387      0.000000
    135.319709      0.000000
    135.408032      0.000000
    135.496354      0.000000
    135.584677      0.000000
    135.672999      0.000000
    135.761322      0.000000
    135.849644      0.000000
    135.937967      0.000000
    136.026289      0.000000
    136.114612      0.000000
    136.202935      0.000000
    136.291257      0.000000
    136.379580      0.000000
    136.467902      0.000000
    136.556225      0.000000
    136.644547      0.000000
    136.732870      0.000000
    136.821192      0.000000
    136.909515      0.000000
    136.997837      0.000000
    137.086160      0.000000
    137.174482      0.000000
    137.262805      0.000000
    137.351127      0.000000
    137.439450      0.000000
    137.527772      0.000000
    137.616095      0.000000
    137.704417      0.000000
    137.792740      0.000000
    137.881062      0.000000
    137.969385      0.000000
    138.057707      0.000000
    138.146030      0.000000
    138.234352      0.000000
    138.322675      0.000000
    138.410997      0.000000
    138.499320      0.000000
    138.587642      0.000000
    138.675965      0.000000
    138.764287      0.000000
    138.852610      0.000000
    138.940932      0.000000
    139.029255      0.000000
    139.117577      0.000000
    139.205900      0.000000
    139.294222      0.000000
    139.382545      0.000000
    139.470867      0.000000
    139.559190      0.000000
    139.647512      0.000000
    139.735835      0.000000
    139.824157      0.000000
    139.912480      0.000000
    140.000802      0.000000
    140.089125      0.000000
    140.177447      0.000000
    140.265770      0.000000
    140.354092      0.000000
    140.442415      0.000000
    140.530737      0.000000
    140.619060      0.000000
    140.707382      0.000000
    140.795705      0.000000
    140.884027      0.000000
    140.972350      0.000000
    141.060672      0.000000
    141.148995      0.000000
    141.237317      0.000000
    141.325640      0.000000
    141.413962      0.000000
    141.502285      0.000000
    141.590607      0.000000
    141.678930      0.000000
    141.767252      0.000000
    141.855575      0.000000
    141.943897      0.000000
    142.032220      0.000000
    142.120542      0.000000
    142.208865      0.000000
    142.297187      0.000000
    142.385510      0.000000
    142.473833      0.000000
    142.562155      0.000000
    142.650478      0.000000
    142.738800      0.000000
    142.827123      0.000000
    142.915445      0.000000
    143.003768      0.000000
    143.092090      0.000000
    143.180413      0.000000
    143.268735      0.000000
    143.357058      0.000000
    143.445380      0.000000
    143.533703      0.000000
    143.622025      0.000000
    143.710348      0.000000
    143.798670      0.000000
    143.886993      0.000003
    143.975315      0.000073
    144.063638      0.001165
    144.151960      0.012528
    144.240283      0.091288
    144.328605      0.450728
    144.416928      1.507944
    144.505250      3.418431
    144.593573      5.250993
    144.681895      5.465761
    144.770218      3.858713
    144.858540      1.878131
    144.946863      0.812384
    145.035185      1.006702
    145.123508      2.425127
    145.211830      4.475702
    145.300153      5.632874
    145.388475      4.801564
    145.476798      2.771139
    145.565120      1.082799
    145.653443      0.286452
    145.741765      0.051308
    145.830088      0.006277
    145.918410      0.001420
    146.006733      0.010207
    146.095055      0.077107
    146.183378      0.395472
    146.271700      1.373276
    146.360023      3.228597
    146.448345      5.139066
    146.536668      5.538205
    146.624990      4.040808
    146.713313      1.996098
    146.801635      0.667590
    146.889958      0.151167
    146.978280      0.023218
    147.066603      0.003155
    147.154925      0.008799
    147.243248      0.067290
    147.331570      0.355161
    147.419893      1.269330
    147.508215      3.071472
    147.596538      5.032005
    147.684860      5.581594
    147.773183      4.191777
    147.861505      2.131379
    147.949828      0.733746
    148.038150      0.171023
    148.126473      0.026990
    148.214795      0.002910
    148.303118      0.000680
    148.391440      0.005819
    148.479763      0.048456
    148.568085      0.273690
    148.656408      1.046623
